100 91
2427075479 783886457 9234316780 8154134180 6105703321 8154134180 3764212360 3096828050 1688775690 2425704729 1365195515 8915332335 4430650975 1629705350 7247782945 2926269025 8915332335 7247782945 7510486263 2340857935 950449150 1174416410 3507066550 950449150 783886457 3764212360 3634183770 1688775690 2067036485 8915332335 2954435590 1439070850 2045331950 1680244795 3764212360 5385481820 2985490137 1629705350 3764212360 9911397136 950449150 5017581725 7597098275 443414090 3092308916 2340857935 2954435590 1365195515 5199449115 954210970 4226929205 2067036485 2954435590 9569024052 2340857935 8915332335 8154134180 1365195515 9234316780 5385481820 2985490137 954210970 9234316780 7779206284 5199449115 1688775690 2425704729 9911397136 1372902230 5385481820 3764212360 783886457 2425704729 4226929205 5199449115 3764212360 443414090 7247782945 1372902230 5385481820 308704900 1749198920 3096828050 7510486263 950449150 5385481820 3634183770 2926269025 7872462885 1749198920 8915332335 2425704729 2067036485 6708429025 1429596100 8915332335 2045331950 7872462885 950449150 976641332145040 
54095 81905 81905 99556 37810 78139 99556 25237 37810 99556 96117 92755 17570 25237 78139 25237 54095 25237 78139 96117 81905 31061 78139 17570 81905 99556 31061 54095 54095 37810 37810 96117 25237 37810 54095 78139 99556 37810 25237 96117 96117 81905 99556 37810 92755 99556 92755 25237 96117 99556 37810 78139 78139 92755 99556 92755 17570 54095 78139 37810 96117 78139 54095 37810 78139 96117 54095 81905 37810 25237 99556 37810 99556 54095 17570 99556 78139 37810 25237 96117 96117 37810 78139 31061 96117 99556 99556 17570 92755 96117 54095 17570 96117 31061 81905 99556 92755 37810 25237 81905 
25237 25237 92755 81905 78139 92755 54095 17570 31061 81905 96117 78139 81905 37810 81905 54095 54095 96117 31061 96117 17570 25237 96117 54095 96117 17570 37810 31061 37810 92755 81905 31061 99556 81905 99556 17570 17570 25237 25237 25237 78139 99556 54095 37810 92755 25237 81905 96117 17570 17570 25237 92755 78139 78139 81905 78139 78139 54095 96117 96117 78139 25237 17570 25237 81905 78139 92755 78139 78139 92755 37810 25237 99556 81905 37810 17570 31061 37810 99556 37810 37810 25237 78139 37810 99556 99556 25237 99556 17570 96117 99556 99556 31061 37810 54095 37810 81905 17570 78139 31061 
92755 37810 31061 25237 54095 31061 37810 81905 54095 99556 25237 31061 99556 99556 25237 96117 17570 81905 99556 17570 17570 25237 25237 54095 96117 78139 96117 54095 31061 37810 96117 81905 37810 25237 17570 54095 31061 17570 31061 37810 99556 92755 37810 25237 54095 25237 92755 92755 25237 81905 25237 92755 81905 25237 54095 25237 92755 17570 37810 81905 25237 54095 96117 31061 17570 78139 17570 81905 37810 81905 31061 78139 78139 54095 37810 37810 25237 31061 78139 31061 37810 96117 81905 25237 37810 17570 25237 37810 17570 17570 99556 99556 81905 96117 96117 31061 54095 37810 78139 54095 
37810 92755 37810 54095 92755 81905 78139 92755 99556 54095 92755 25237 54095 17570 81905 37810 81905 92755 25237 54095 96117 31061 25237 99556 81905 54095 99556 81905 25237 99556 17570 96117 31061 99556 96117 37810 54095 17570 37810 17570 54095 78139 96117 78139 54095 96117 92755 31061 17570 25237 37810 78139 25237 25237 92755 96117 37810 54095 17570 99556 78139 37810 78139 99556 37810 54095 17570 31061 96117 96117 96117 78139 37810 17570 96117 25237 31061 99556 99556 92755 92755 54095 92755 31061 81905 31061 96117 31061 92755 78139 78139 81905 78139 92755 31061 54095 17570 78139 81905 96117 
37810 17570 25237 17570 31061 81905 96117 81905 31061 37810 92755 25237 25237 78139 78139 81905 17570 54095 78139 92755 92755 54095 96117 81905 31061 96117 99556 96117 25237 37810 96117 92755 99556 92755 92755 78139 25237 25237 25237 99556 96117 78139 99556 37810 31061 17570 54095 31061 54095 96117 78139 37810 99556 17570 99556 31061 37810 37810 99556 99556 78139 92755 25237 17570 92755 81905 25237 92755 37810 81905 99556 78139 37810 31061 31061 54095 99556 78139 81905 25237 81905 78139 25237 25237 92755 92755 37810 96117 25237 92755 99556 17570 31061 17570 81905 81905 37810 99556 31061 81905 
31061 17570 99556 54095 17570 25237 78139 25237 96117 25237 25237 54095 92755 31061 31061 25237 78139 78139 81905 17570 81905 99556 17570 54095 78139 54095 17570 17570 31061 54095 78139 78139 37810 31061 54095 37810 17570 96117 31061 17570 25237 81905 99556 99556 96117 25237 31061 17570 81905 17570 78139 54095 81905 81905 37810 99556 96117 92755 96117 99556 92755 99556 37810 81905 99556 78139 96117 54095 81905 92755 92755 92755 17570 99556 78139 31061 17570 37810 81905 31061 54095 54095 37810 17570 37810 92755 78139 31061 78139 92755 37810 92755 96117 96117 31061 25237 31061 81905 92755 54095 
37810 31061 92755 31061 99556 37810 99556 31061 96117 31061 17570 81905 96117 17570 37810 78139 25237 78139 37810 78139 78139 54095 81905 99556 25237 78139 78139 17570 96117 99556 31061 78139 37810 78139 17570 17570 99556 37810 78139 92755 92755 25237 54095 17570 81905 96117 31061 81905 96117 37810 99556 81905 31061 81905 81905 17570 31061 25237 78139 96117 25237 25237 37810 17570 31061 54095 54095 37810 37810 37810 96117 31061 54095 37810 96117 99556 54095 54095 54095 78139 25237 96117 81905 54095 99556 17570 31061 31061 92755 25237 96117 31061 31061 92755 92755 96117 99556 25237 37810 37810 
25237 54095 78139 31061 17570 92755 92755 96117 81905 96117 37810 81905 17570 54095 81905 17570 92755 37810 25237 92755 31061 31061 37810 96117 37810 54095 31061 37810 37810 37810 31061 31061 17570 31061 92755 37810 96117 96117 81905 17570 92755 31061 81905 78139 37810 92755 78139 99556 54095 31061 17570 99556 17570 78139 92755 81905 99556 31061 81905 78139 78139 17570 37810 81905 37810 96117 78139 78139 31061 25237 25237 92755 17570 96117 31061 37810 81905 96117 96117 78139 54095 37810 96117 31061 81905 78139 54095 25237 92755 17570 37810 31061 54095 54095 96117 25237 17570 81905 31061 31061 
54095 96117 31061 78139 37810 17570 99556 17570 78139 92755 78139 31061 78139 25237 25237 37810 25237 92755 17570 54095 99556 31061 92755 25237 81905 54095 25237 96117 78139 92755 54095 99556 17570 54095 96117 25237 37810 78139 96117 31061 54095 25237 54095 17570 81905 54095 81905 25237 92755 92755 81905 96117 92755 54095 54095 81905 17570 92755 31061 78139 25237 25237 99556 78139 25237 78139 96117 92755 31061 54095 92755 31061 78139 92755 31061 99556 17570 99556 92755 96117 81905 31061 96117 17570 99556 78139 17570 81905 92755 96117 81905 81905 37810 78139 92755 25237 25237 96117 99556 96117 
31061 78139 37810 92755 92755 96117 92755 78139 81905 17570 54095 25237 81905 54095 37810 78139 99556 37810 31061 37810 25237 92755 78139 81905 99556 78139 17570 37810 78139 37810 96117 25237 92755 25237 25237 96117 78139 78139 92755 99556 17570 78139 92755 92755 37810 96117 31061 81905 31061 78139 54095 25237 31061 92755 78139 99556 25237 54095 25237 54095 54095 17570 25237 25237 25237 96117 96117 99556 17570 99556 81905 25237 25237 96117 96117 25237 92755 81905 81905 17570 99556 81905 81905 37810 92755 31061 96117 54095 99556 31061 54095 81905 37810 78139 31061 78139 81905 92755 96117 96117 
99556 99556 17570 25237 37810 31061 96117 96117 92755 54095 81905 37810 31061 81905 96117 31061 25237 17570 81905 81905 37810 31061 54095 25237 31061 96117 96117 99556 81905 54095 37810 92755 92755 96117 17570 92755 81905 17570 17570 96117 31061 31061 17570 54095 96117 25237 54095 78139 78139 78139 78139 92755 17570 78139 92755 37810 37810 81905 99556 78139 31061 92755 25237 54095 96117 25237 37810 96117 92755 17570 37810 54095 96117 17570 99556 96117 92755 81905 92755 99556 25237 96117 37810 96117 17570 99556 92755 81905 37810 54095 31061 25237 99556 81905 78139 96117 81905 37810 17570 99556 
92755 92755 96117 92755 31061 78139 37810 78139 31061 25237 81905 96117 37810 31061 92755 78139 99556 37810 81905 81905 37810 81905 92755 92755 54095 92755 37810 31061 31061 31061 25237 37810 99556 81905 92755 99556 92755 37810 17570 96117 96117 31061 37810 96117 17570 17570 81905 25237 99556 25237 31061 17570 81905 81905 78139 54095 17570 37810 81905 25237 25237 25237 54095 31061 78139 17570 31061 37810 96117 92755 92755 78139 37810 81905 78139 99556 54095 31061 96117 31061 99556 96117 37810 99556 92755 54095 96117 31061 81905 31061 31061 92755 96117 31061 99556 96117 78139 31061 81905 17570 
17570 31061 92755 99556 17570 96117 31061 17570 37810 17570 99556 96117 99556 92755 17570 37810 25237 37810 99556 54095 99556 99556 54095 92755 31061 25237 81905 37810 37810 37810 31061 96117 37810 17570 99556 17570 99556 99556 92755 37810 78139 54095 99556 17570 31061 25237 99556 17570 37810 25237 25237 17570 96117 17570 25237 25237 81905 99556 31061 54095 25237 81905 17570 81905 17570 31061 25237 54095 96117 96117 54095 96117 25237 96117 54095 81905 37810 96117 96117 92755 92755 78139 78139 31061 25237 92755 17570 54095 25237 81905 31061 81905 92755 81905 81905 37810 31061 25237 99556 78139 
99556 37810 78139 54095 25237 37810 25237 99556 92755 78139 81905 99556 96117 99556 81905 92755 17570 37810 54095 37810 54095 96117 54095 92755 96117 92755 37810 25237 31061 96117 54095 78139 37810 96117 96117 31061 54095 25237 81905 31061 78139 96117 31061 31061 99556 92755 96117 81905 92755 81905 31061 96117 78139 54095 54095 96117 96117 99556 96117 96117 17570 99556 37810 92755 17570 37810 99556 96117 78139 96117 25237 99556 31061 25237 54095 92755 31061 81905 31061 99556 31061 81905 37810 78139 17570 54095 54095 92755 78139 92755 99556 92755 25237 17570 81905 54095 92755 81905 96117 92755 
96117 37810 37810 25237 37810 37810 78139 37810 37810 96117 37810 17570 37810 37810 17570 25237 99556 17570 25237 99556 96117 81905 17570 96117 96117 81905 92755 17570 99556 92755 96117 78139 81905 31061 31061 99556 92755 96117 54095 99556 92755 25237 99556 17570 99556 31061 25237 31061 54095 25237 99556 37810 54095 81905 92755 17570 92755 31061 81905 17570 31061 96117 31061 31061 54095 96117 54095 99556 37810 25237 25237 25237 96117 37810 17570 17570 92755 17570 78139 96117 99556 25237 54095 25237 92755 96117 37810 37810 31061 54095 81905 96117 25237 78139 54095 99556 92755 78139 92755 31061 
54095 78139 92755 96117 92755 54095 92755 81905 54095 25237 31061 25237 96117 78139 99556 54095 31061 99556 81905 78139 37810 99556 78139 25237 99556 25237 92755 17570 37810 99556 37810 31061 17570 37810 54095 99556 25237 78139 25237 31061 37810 25237 31061 81905 99556 17570 31061 81905 31061 96117 92755 31061 54095 54095 54095 17570 31061 17570 96117 31061 92755 31061 31061 31061 99556 54095 54095 31061 31061 78139 96117 17570 25237 31061 81905 17570 31061 96117 25237 25237 54095 78139 92755 96117 92755 81905 31061 25237 25237 78139 17570 78139 78139 54095 54095 78139 54095 99556 99556 54095 
54095 81905 99556 37810 54095 81905 25237 54095 17570 37810 92755 96117 96117 96117 99556 99556 31061 99556 37810 96117 81905 17570 99556 31061 37810 37810 78139 37810 17570 92755 25237 78139 31061 96117 96117 96117 54095 81905 81905 25237 37810 17570 81905 54095 81905 92755 96117 99556 37810 99556 92755 81905 31061 92755 54095 25237 17570 92755 96117 81905 25237 81905 81905 99556 96117 25237 92755 81905 25237 81905 17570 37810 25237 92755 96117 92755 31061 31061 78139 96117 25237 54095 31061 96117 54095 37810 81905 81905 99556 78139 99556 92755 96117 78139 78139 99556 54095 78139 96117 96117 
17570 92755 31061 96117 78139 37810 81905 31061 37810 37810 31061 92755 92755 37810 81905 54095 96117 92755 31061 31061 99556 25237 31061 54095 17570 54095 78139 37810 17570 25237 96117 54095 92755 25237 99556 17570 54095 96117 54095 92755 96117 81905 37810 92755 96117 81905 96117 25237 78139 17570 17570 31061 31061 37810 99556 99556 37810 96117 81905 31061 99556 31061 17570 99556 25237 37810 99556 54095 78139 81905 17570 25237 37810 37810 78139 81905 54095 81905 81905 78139 31061 81905 17570 81905 25237 54095 92755 78139 25237 31061 96117 78139 99556 37810 96117 99556 54095 78139 17570 96117 
92755 37810 99556 37810 96117 99556 96117 37810 92755 96117 31061 96117 37810 25237 31061 81905 81905 81905 96117 25237 81905 92755 99556 78139 37810 17570 81905 92755 37810 78139 96117 96117 81905 99556 25237 31061 31061 54095 17570 96117 78139 54095 96117 25237 99556 81905 54095 78139 17570 99556 25237 31061 81905 78139 92755 31061 78139 31061 81905 37810 17570 96117 31061 99556 31061 17570 25237 54095 54095 31061 81905 31061 92755 96117 96117 81905 31061 54095 31061 78139 31061 96117 78139 81905 25237 96117 96117 17570 99556 25237 31061 78139 31061 31061 17570 31061 37810 96117 96117 31061 
37810 92755 78139 54095 31061 99556 81905 37810 81905 81905 78139 78139 92755 78139 17570 31061 54095 25237 37810 99556 17570 81905 17570 99556 96117 37810 17570 17570 78139 78139 81905 92755 17570 31061 25237 96117 37810 99556 96117 81905 96117 92755 99556 37810 99556 78139 25237 25237 54095 78139 54095 78139 37810 78139 25237 37810 92755 96117 37810 99556 78139 31061 54095 54095 31061 37810 37810 37810 37810 92755 25237 54095 25237 17570 92755 25237 31061 31061 99556 31061 31061 37810 31061 31061 17570 37810 31061 37810 96117 92755 17570 17570 54095 25237 54095 92755 25237 37810 96117 99556 
78139 31061 99556 17570 81905 37810 37810 81905 54095 25237 99556 31061 92755 78139 92755 31061 25237 96117 17570 81905 25237 96117 37810 78139 81905 37810 54095 96117 96117 96117 78139 81905 54095 99556 54095 81905 25237 99556 31061 17570 31061 99556 31061 78139 81905 37810 78139 37810 37810 54095 37810 17570 25237 96117 31061 25237 25237 81905 81905 81905 99556 81905 92755 37810 17570 54095 99556 99556 31061 31061 92755 17570 31061 96117 17570 99556 54095 17570 25237 31061 37810 37810 54095 17570 96117 25237 92755 25237 25237 92755 54095 78139 54095 99556 78139 81905 96117 99556 25237 17570 
81905 25237 78139 54095 54095 96117 78139 78139 31061 81905 96117 96117 31061 78139 25237 17570 17570 99556 25237 78139 92755 96117 81905 99556 81905 31061 54095 25237 99556 99556 78139 96117 96117 92755 92755 92755 31061 17570 17570 96117 54095 37810 78139 99556 54095 96117 78139 25237 54095 78139 78139 31061 78139 99556 99556 81905 25237 17570 81905 99556 17570 96117 31061 99556 92755 17570 37810 96117 96117 31061 17570 78139 99556 54095 92755 54095 25237 25237 78139 37810 99556 78139 17570 81905 17570 25237 25237 25237 92755 37810 37810 92755 81905 54095 17570 96117 31061 25237 54095 78139 
99556 81905 25237 17570 99556 81905 37810 81905 31061 99556 92755 81905 81905 54095 81905 78139 78139 31061 54095 96117 92755 31061 54095 17570 31061 25237 92755 37810 25237 54095 17570 78139 17570 92755 37810 37810 96117 96117 17570 92755 37810 37810 54095 25237 78139 17570 81905 81905 78139 92755 17570 92755 54095 17570 99556 92755 37810 31061 81905 17570 54095 96117 54095 81905 96117 92755 25237 31061 17570 81905 96117 92755 92755 81905 25237 81905 17570 78139 81905 81905 37810 37810 78139 78139 37810 25237 78139 37810 37810 25237 54095 78139 25237 17570 54095 17570 81905 25237 96117 99556 
17570 25237 92755 25237 31061 92755 17570 31061 17570 25237 81905 99556 25237 54095 81905 78139 92755 81905 99556 25237 37810 54095 31061 54095 37810 25237 81905 99556 37810 37810 17570 78139 96117 78139 92755 99556 31061 54095 92755 37810 17570 81905 81905 25237 99556 92755 25237 99556 96117 92755 31061 99556 17570 96117 54095 92755 78139 31061 99556 99556 54095 37810 78139 31061 31061 92755 81905 92755 81905 78139 78139 78139 37810 54095 25237 37810 17570 17570 31061 99556 54095 96117 96117 37810 25237 96117 31061 31061 92755 31061 37810 54095 92755 17570 31061 25237 81905 31061 17570 99556 
17570 25237 17570 17570 78139 99556 96117 96117 17570 31061 17570 54095 25237 17570 96117 92755 92755 54095 99556 92755 78139 96117 99556 92755 54095 25237 31061 37810 54095 54095 54095 25237 54095 54095 92755 17570 99556 31061 96117 99556 96117 96117 92755 96117 96117 17570 17570 99556 96117 78139 96117 25237 78139 99556 99556 96117 92755 17570 92755 37810 78139 81905 92755 31061 17570 31061 25237 96117 92755 17570 81905 54095 25237 81905 54095 78139 17570 37810 78139 54095 92755 37810 17570 17570 96117 17570 54095 37810 99556 54095 25237 78139 37810 96117 37810 81905 54095 99556 17570 96117 
81905 25237 92755 81905 99556 37810 31061 54095 78139 99556 99556 81905 92755 99556 78139 17570 81905 92755 37810 54095 92755 96117 78139 99556 96117 25237 81905 31061 78139 54095 99556 81905 96117 54095 81905 31061 96117 81905 25237 37810 78139 25237 78139 81905 92755 25237 37810 92755 78139 78139 17570 31061 96117 99556 54095 54095 17570 96117 99556 78139 37810 96117 81905 37810 78139 78139 54095 37810 25237 54095 81905 96117 99556 31061 92755 17570 17570 31061 37810 96117 81905 81905 25237 17570 96117 99556 81905 25237 81905 37810 17570 37810 92755 81905 99556 37810 17570 81905 99556 25237 
17570 31061 81905 81905 78139 54095 25237 31061 17570 17570 31061 25237 17570 31061 31061 17570 17570 31061 92755 54095 92755 78139 25237 54095 96117 31061 37810 96117 92755 99556 25237 17570 78139 31061 17570 25237 37810 54095 31061 92755 31061 92755 96117 37810 92755 37810 54095 54095 96117 99556 92755 92755 81905 81905 37810 25237 96117 54095 31061 81905 25237 25237 31061 96117 78139 54095 99556 25237 31061 17570 54095 96117 99556 78139 99556 25237 99556 81905 81905 37810 31061 17570 78139 81905 81905 17570 37810 25237 99556 78139 96117 99556 81905 25237 17570 99556 99556 96117 78139 81905 
31061 81905 99556 81905 81905 81905 25237 92755 25237 17570 54095 92755 96117 37810 99556 96117 31061 78139 78139 54095 54095 17570 81905 81905 17570 54095 31061 25237 96117 54095 92755 54095 92755 54095 81905 37810 96117 17570 31061 37810 81905 31061 54095 78139 78139 17570 81905 31061 81905 17570 96117 99556 37810 31061 96117 31061 25237 31061 78139 37810 81905 81905 25237 96117 54095 92755 81905 96117 31061 81905 99556 17570 81905 92755 96117 17570 31061 25237 92755 17570 31061 78139 31061 96117 37810 99556 37810 54095 37810 54095 99556 54095 96117 81905 81905 99556 17570 81905 25237 17570 
25237 78139 96117 31061 81905 31061 81905 78139 25237 99556 81905 54095 54095 17570 37810 78139 96117 54095 37810 92755 96117 99556 25237 37810 92755 54095 17570 81905 81905 81905 92755 78139 37810 78139 54095 92755 37810 81905 92755 25237 78139 25237 54095 92755 96117 78139 99556 31061 81905 78139 31061 96117 96117 25237 81905 81905 81905 37810 81905 54095 92755 17570 99556 37810 37810 92755 25237 25237 99556 17570 31061 37810 78139 54095 99556 96117 54095 25237 99556 81905 78139 31061 78139 17570 17570 31061 54095 54095 25237 96117 25237 37810 54095 99556 54095 25237 17570 78139 31061 31061 
92755 31061 96117 99556 99556 92755 92755 54095 31061 92755 25237 31061 96117 37810 25237 78139 96117 17570 92755 96117 31061 96117 25237 31061 92755 81905 31061 78139 54095 96117 81905 37810 37810 81905 37810 81905 54095 54095 99556 25237 17570 31061 78139 37810 37810 92755 81905 92755 17570 17570 31061 25237 78139 31061 54095 31061 99556 25237 81905 17570 25237 81905 37810 81905 54095 81905 78139 25237 99556 54095 17570 37810 78139 81905 81905 17570 17570 54095 54095 37810 31061 54095 31061 17570 96117 81905 92755 17570 31061 54095 37810 99556 37810 54095 92755 92755 37810 81905 96117 78139 
37810 92755 92755 54095 54095 92755 17570 78139 54095 17570 96117 92755 31061 78139 96117 99556 92755 54095 54095 96117 37810 99556 31061 31061 78139 96117 78139 78139 81905 37810 37810 25237 99556 81905 54095 92755 54095 81905 99556 31061 92755 54095 92755 99556 96117 17570 81905 92755 25237 37810 31061 31061 99556 37810 37810 25237 25237 78139 92755 96117 25237 78139 96117 37810 99556 96117 78139 99556 96117 37810 54095 81905 31061 31061 54095 31061 17570 96117 96117 92755 78139 81905 81905 31061 78139 92755 31061 81905 25237 37810 96117 17570 99556 54095 37810 25237 78139 78139 92755 99556 
54095 99556 54095 99556 92755 37810 17570 25237 54095 37810 31061 37810 96117 78139 78139 96117 17570 96117 25237 81905 25237 96117 54095 96117 37810 92755 92755 31061 92755 81905 37810 78139 31061 99556 54095 81905 31061 54095 17570 31061 17570 99556 78139 99556 78139 81905 96117 96117 99556 81905 25237 99556 54095 81905 37810 54095 96117 17570 25237 99556 99556 96117 31061 99556 92755 78139 96117 78139 17570 92755 96117 96117 25237 37810 54095 37810 92755 25237 17570 37810 99556 81905 54095 81905 81905 31061 54095 78139 99556 17570 96117 37810 54095 37810 96117 17570 96117 25237 99556 17570 
92755 78139 99556 17570 54095 25237 31061 81905 31061 81905 54095 31061 54095 37810 31061 99556 99556 99556 54095 37810 78139 54095 96117 99556 92755 96117 78139 54095 78139 99556 54095 25237 99556 96117 92755 54095 54095 17570 96117 25237 92755 78139 81905 92755 92755 92755 54095 31061 78139 99556 78139 78139 99556 25237 96117 96117 81905 96117 37810 92755 37810 25237 81905 54095 17570 96117 96117 96117 96117 54095 92755 37810 25237 37810 81905 17570 17570 78139 96117 81905 37810 92755 96117 92755 31061 81905 37810 78139 17570 96117 99556 99556 78139 25237 78139 25237 96117 92755 92755 37810 
31061 17570 96117 37810 37810 78139 99556 99556 96117 54095 31061 31061 99556 17570 25237 54095 37810 96117 96117 92755 92755 25237 17570 37810 99556 96117 37810 31061 54095 81905 54095 96117 31061 31061 54095 31061 81905 25237 31061 31061 78139 78139 96117 31061 92755 31061 92755 81905 37810 96117 54095 54095 17570 37810 81905 92755 92755 31061 54095 96117 78139 31061 78139 99556 17570 96117 96117 31061 78139 78139 99556 37810 17570 81905 54095 17570 92755 31061 99556 96117 54095 25237 96117 37810 25237 78139 96117 96117 54095 54095 25237 99556 37810 92755 31061 92755 78139 37810 96117 25237 
96117 37810 78139 17570 92755 54095 37810 99556 81905 17570 92755 99556 31061 78139 92755 81905 99556 54095 54095 17570 81905 78139 31061 96117 17570 54095 96117 99556 96117 17570 31061 54095 92755 25237 25237 96117 37810 92755 31061 31061 96117 54095 81905 78139 54095 92755 78139 31061 25237 81905 99556 96117 17570 17570 78139 54095 54095 78139 81905 92755 81905 54095 99556 17570 31061 92755 92755 54095 78139 92755 96117 37810 25237 81905 92755 96117 81905 54095 17570 31061 96117 25237 81905 37810 31061 17570 92755 25237 37810 81905 96117 99556 31061 99556 17570 17570 78139 96117 37810 81905 
92755 99556 78139 99556 25237 96117 25237 81905 92755 31061 78139 54095 92755 78139 17570 31061 37810 99556 96117 81905 96117 78139 78139 96117 92755 31061 92755 31061 31061 96117 92755 31061 37810 17570 78139 78139 54095 78139 96117 96117 92755 31061 37810 78139 92755 78139 37810 25237 81905 92755 37810 78139 17570 92755 92755 96117 37810 81905 96117 54095 31061 25237 54095 92755 31061 92755 81905 99556 78139 17570 81905 54095 92755 99556 81905 92755 37810 37810 37810 78139 96117 54095 92755 54095 78139 92755 17570 81905 17570 37810 31061 31061 92755 54095 78139 81905 81905 92755 81905 96117 
37810 31061 17570 54095 96117 17570 37810 17570 25237 25237 31061 54095 78139 99556 17570 96117 81905 25237 92755 54095 78139 92755 81905 25237 37810 54095 25237 31061 17570 31061 81905 25237 54095 78139 92755 25237 25237 92755 81905 81905 99556 92755 17570 37810 25237 92755 92755 96117 37810 37810 96117 17570 78139 81905 17570 31061 92755 25237 78139 78139 17570 25237 31061 17570 92755 96117 92755 25237 54095 96117 96117 31061 81905 37810 31061 96117 31061 92755 17570 78139 17570 25237 17570 99556 96117 25237 96117 78139 37810 99556 96117 17570 96117 81905 99556 31061 99556 31061 37810 54095 
54095 99556 25237 31061 99556 81905 37810 17570 17570 31061 37810 54095 54095 92755 78139 25237 17570 78139 92755 81905 25237 31061 31061 96117 78139 17570 54095 37810 25237 81905 96117 25237 17570 99556 99556 81905 25237 31061 37810 54095 96117 78139 99556 31061 81905 96117 78139 81905 96117 54095 54095 37810 25237 25237 99556 25237 92755 54095 25237 25237 78139 25237 54095 81905 25237 78139 54095 54095 54095 96117 31061 78139 78139 81905 54095 92755 31061 96117 17570 54095 37810 37810 99556 17570 99556 37810 25237 17570 17570 81905 37810 96117 99556 96117 78139 37810 31061 25237 31061 37810 
81905 99556 92755 17570 99556 92755 78139 31061 31061 99556 99556 96117 37810 92755 37810 81905 31061 37810 54095 92755 81905 31061 54095 31061 81905 99556 17570 92755 81905 17570 99556 96117 17570 54095 25237 99556 54095 54095 96117 92755 92755 92755 92755 37810 78139 81905 96117 96117 17570 17570 92755 78139 92755 37810 81905 96117 78139 92755 17570 54095 81905 25237 99556 81905 78139 99556 99556 99556 78139 54095 31061 17570 37810 96117 31061 31061 96117 78139 54095 17570 99556 81905 54095 99556 78139 54095 81905 81905 99556 96117 99556 37810 54095 99556 37810 17570 37810 54095 78139 81905 
17570 31061 37810 37810 96117 99556 17570 37810 17570 78139 37810 25237 31061 54095 96117 17570 54095 96117 78139 37810 25237 81905 31061 96117 17570 31061 92755 92755 37810 25237 54095 92755 25237 96117 25237 78139 78139 92755 92755 37810 78139 92755 78139 54095 96117 92755 96117 99556 81905 78139 17570 81905 25237 96117 54095 37810 81905 37810 37810 78139 31061 92755 78139 96117 17570 78139 31061 54095 96117 37810 54095 78139 17570 96117 37810 81905 37810 31061 78139 78139 78139 92755 81905 99556 54095 92755 25237 81905 17570 37810 25237 92755 78139 31061 92755 31061 81905 81905 31061 31061 
92755 81905 92755 99556 31061 31061 17570 31061 99556 25237 96117 99556 99556 31061 17570 17570 54095 54095 17570 78139 81905 96117 37810 31061 92755 54095 81905 37810 81905 17570 78139 78139 78139 25237 96117 78139 96117 17570 25237 78139 92755 25237 25237 99556 17570 96117 54095 17570 81905 99556 17570 96117 25237 17570 17570 78139 25237 54095 78139 31061 37810 17570 99556 25237 54095 31061 37810 78139 96117 99556 78139 31061 78139 54095 99556 81905 25237 78139 17570 25237 54095 99556 99556 96117 96117 31061 99556 37810 25237 54095 25237 37810 54095 54095 81905 37810 25237 31061 37810 92755 
96117 54095 99556 17570 25237 78139 25237 96117 96117 25237 92755 31061 37810 96117 92755 78139 96117 92755 99556 99556 54095 37810 54095 37810 37810 37810 99556 78139 78139 78139 81905 81905 99556 99556 37810 17570 31061 31061 78139 78139 54095 81905 31061 31061 78139 25237 96117 54095 31061 96117 17570 37810 96117 31061 37810 96117 54095 81905 99556 99556 99556 54095 96117 78139 92755 54095 92755 37810 96117 81905 31061 92755 92755 25237 54095 17570 31061 25237 37810 92755 78139 17570 54095 96117 78139 37810 31061 99556 25237 25237 78139 96117 37810 92755 99556 81905 31061 25237 25237 99556 
37810 99556 54095 31061 96117 54095 81905 96117 54095 78139 92755 81905 54095 99556 17570 99556 99556 54095 96117 54095 31061 96117 54095 81905 81905 25237 81905 81905 37810 92755 37810 54095 17570 99556 54095 92755 54095 78139 96117 78139 99556 78139 54095 17570 17570 78139 81905 31061 17570 81905 92755 54095 92755 17570 99556 81905 81905 78139 81905 99556 96117 81905 99556 31061 92755 25237 17570 96117 37810 78139 81905 37810 96117 81905 81905 78139 54095 99556 31061 25237 96117 37810 81905 17570 54095 99556 81905 92755 31061 81905 92755 96117 92755 92755 96117 81905 17570 96117 99556 37810 
81905 54095 78139 96117 78139 17570 96117 99556 81905 81905 25237 37810 25237 96117 96117 81905 78139 25237 81905 25237 54095 99556 54095 37810 81905 96117 99556 96117 37810 92755 92755 17570 54095 37810 92755 92755 92755 54095 17570 96117 81905 81905 92755 92755 37810 25237 92755 37810 92755 31061 31061 81905 37810 92755 81905 54095 54095 31061 81905 96117 37810 78139 17570 54095 37810 17570 99556 78139 54095 92755 81905 17570 99556 31061 17570 37810 25237 78139 31061 92755 99556 25237 17570 37810 81905 99556 37810 92755 99556 96117 25237 81905 31061 99556 17570 54095 78139 25237 78139 17570 
78139 25237 54095 81905 31061 96117 31061 17570 31061 92755 81905 96117 96117 37810 17570 92755 17570 81905 99556 96117 92755 96117 31061 37810 31061 31061 92755 37810 17570 81905 78139 37810 92755 54095 96117 81905 96117 17570 31061 78139 54095 92755 37810 54095 17570 31061 31061 37810 31061 31061 54095 78139 25237 96117 54095 31061 17570 37810 54095 25237 31061 99556 78139 81905 54095 81905 25237 96117 37810 96117 17570 92755 37810 37810 78139 81905 54095 78139 31061 17570 92755 31061 25237 17570 17570 92755 31061 31061 31061 96117 81905 92755 78139 99556 78139 78139 54095 92755 96117 96117 
37810 25237 81905 81905 37810 17570 78139 25237 31061 96117 96117 31061 17570 25237 96117 99556 78139 37810 31061 54095 37810 81905 25237 99556 37810 92755 99556 92755 92755 99556 17570 81905 31061 92755 81905 25237 37810 99556 17570 92755 92755 17570 37810 54095 37810 92755 17570 25237 25237 81905 25237 92755 54095 54095 37810 81905 99556 99556 92755 25237 96117 37810 31061 92755 25237 17570 31061 81905 96117 81905 96117 31061 31061 37810 81905 31061 54095 99556 92755 25237 96117 96117 31061 96117 99556 17570 99556 17570 78139 99556 37810 96117 96117 78139 37810 17570 25237 78139 78139 31061 
78139 99556 99556 96117 78139 81905 37810 96117 99556 37810 31061 78139 25237 78139 92755 81905 54095 92755 92755 31061 54095 25237 96117 81905 17570 25237 54095 17570 25237 99556 17570 81905 96117 31061 81905 96117 99556 96117 81905 96117 81905 25237 37810 54095 92755 92755 31061 54095 92755 37810 17570 81905 92755 78139 99556 78139 81905 96117 54095 25237 54095 37810 54095 17570 37810 99556 96117 17570 37810 99556 96117 31061 31061 78139 37810 92755 78139 17570 17570 54095 81905 81905 81905 17570 54095 96117 96117 37810 78139 92755 99556 25237 99556 99556 99556 96117 99556 81905 17570 78139 
25237 96117 25237 31061 99556 92755 17570 92755 37810 37810 17570 96117 81905 25237 92755 25237 96117 78139 54095 54095 99556 96117 25237 31061 81905 25237 25237 25237 96117 81905 81905 31061 17570 37810 37810 31061 17570 25237 37810 54095 92755 99556 25237 54095 92755 17570 78139 37810 17570 99556 78139 81905 96117 31061 54095 81905 25237 31061 78139 37810 99556 25237 92755 78139 99556 31061 54095 96117 25237 31061 31061 54095 54095 37810 25237 54095 78139 17570 92755 17570 17570 25237 92755 99556 96117 81905 54095 17570 37810 17570 17570 17570 99556 92755 78139 99556 99556 25237 31061 96117 
78139 17570 54095 81905 54095 17570 99556 25237 25237 92755 25237 99556 25237 81905 81905 99556 78139 37810 37810 78139 37810 37810 31061 25237 17570 54095 25237 96117 81905 99556 25237 37810 81905 96117 37810 37810 99556 99556 78139 99556 96117 96117 25237 96117 99556 81905 81905 25237 78139 17570 31061 96117 25237 78139 25237 99556 31061 25237 78139 92755 17570 81905 78139 99556 99556 81905 31061 25237 54095 37810 17570 99556 99556 54095 81905 37810 78139 17570 25237 92755 96117 92755 25237 54095 92755 78139 99556 78139 92755 81905 17570 54095 92755 92755 54095 37810 17570 31061 17570 96117 
31061 96117 78139 31061 54095 54095 31061 17570 78139 92755 37810 37810 81905 96117 31061 96117 17570 96117 37810 37810 31061 81905 99556 92755 31061 25237 78139 25237 31061 25237 78139 99556 25237 81905 54095 78139 78139 78139 92755 96117 17570 96117 37810 17570 25237 31061 37810 17570 78139 96117 17570 54095 31061 78139 81905 17570 17570 78139 92755 92755 37810 78139 25237 37810 25237 54095 99556 54095 96117 54095 78139 25237 17570 92755 31061 37810 99556 81905 96117 54095 17570 81905 92755 81905 31061 78139 99556 78139 37810 99556 25237 96117 92755 25237 31061 78139 92755 17570 96117 37810 
78139 78139 81905 54095 54095 99556 25237 96117 37810 81905 99556 92755 31061 31061 92755 92755 54095 17570 54095 37810 31061 81905 37810 25237 37810 54095 81905 17570 78139 92755 37810 96117 81905 31061 81905 25237 37810 54095 31061 54095 31061 92755 96117 37810 78139 78139 17570 25237 96117 81905 37810 81905 78139 37810 37810 31061 81905 17570 78139 81905 96117 31061 17570 99556 31061 17570 81905 96117 25237 81905 81905 25237 37810 31061 96117 81905 81905 81905 54095 17570 54095 96117 81905 37810 31061 17570 25237 17570 25237 99556 17570 54095 37810 54095 96117 37810 92755 99556 96117 92755 
81905 37810 78139 31061 31061 17570 99556 37810 96117 78139 99556 99556 81905 99556 81905 37810 25237 25237 81905 37810 54095 37810 17570 25237 17570 37810 78139 54095 54095 96117 17570 31061 37810 37810 54095 78139 81905 81905 78139 17570 81905 54095 78139 78139 37810 78139 78139 92755 92755 92755 81905 37810 92755 25237 92755 54095 31061 96117 31061 37810 54095 78139 25237 17570 54095 54095 25237 54095 25237 37810 37810 78139 92755 54095 54095 31061 96117 17570 31061 99556 31061 78139 96117 17570 99556 92755 54095 37810 99556 92755 17570 78139 37810 31061 31061 81905 99556 17570 37810 340338338580696 
81905 99556 99556 54095 37810 92755 31061 78139 96117 99556 81905 81905 25237 78139 92755 78139 54095 54095 81905 54095 37810 37810 81905 31061 31061 25237 25237 25237 25237 78139 31061 17570 96117 92755 54095 81905 25237 96117 31061 81905 25237 37810 81905 31061 78139 92755 54095 92755 78139 37810 99556 31061 54095 96117 96117 25237 96117 81905 31061 96117 25237 54095 37810 54095 54095 17570 92755 25237 17570 25237 81905 96117 92755 17570 96117 31061 99556 81905 99556 78139 31061 96117 92755 96117 54095 25237 99556 31061 92755 25237 17570 96117 54095 78139 54095 96117 17570 37810 81905 560808841282185 
31061 92755 81905 81905 17570 92755 54095 81905 96117 92755 96117 25237 81905 78139 96117 99556 25237 96117 25237 31061 96117 81905 96117 54095 81905 25237 78139 54095 78139 54095 17570 25237 99556 31061 31061 99556 78139 78139 99556 96117 31061 78139 31061 78139 25237 81905 25237 99556 37810 81905 25237 37810 37810 99556 37810 37810 96117 99556 54095 96117 31061 25237 17570 37810 78139 17570 25237 54095 92755 96117 17570 96117 96117 17570 37810 37810 92755 25237 96117 96117 37810 92755 99556 92755 92755 99556 25237 31061 54095 96117 96117 54095 99556 78139 92755 81905 99556 17570 31061 25237 
17570 54095 37810 99556 96117 81905 17570 96117 99556 78139 25237 96117 99556 81905 54095 78139 92755 81905 54095 25237 17570 92755 92755 78139 37810 78139 25237 17570 31061 99556 25237 78139 96117 96117 54095 99556 92755 37810 25237 99556 17570 78139 37810 17570 17570 17570 31061 37810 25237 54095 31061 92755 17570 99556 81905 96117 99556 17570 92755 37810 37810 25237 81905 96117 25237 37810 17570 92755 96117 37810 31061 78139 81905 96117 25237 96117 37810 92755 54095 37810 78139 54095 99556 25237 92755 81905 92755 96117 25237 25237 99556 81905 17570 78139 96117 31061 54095 92755 81905 37810 
37810 37810 17570 25237 92755 25237 54095 37810 96117 31061 31061 99556 37810 31061 31061 17570 96117 96117 37810 31061 31061 25237 25237 96117 17570 37810 25237 17570 37810 81905 54095 99556 92755 37810 99556 31061 54095 81905 31061 54095 37810 96117 54095 31061 17570 81905 17570 99556 31061 99556 54095 17570 99556 92755 25237 81905 78139 17570 17570 37810 99556 78139 96117 96117 92755 78139 25237 25237 99556 99556 25237 31061 31061 78139 92755 31061 54095 37810 17570 96117 31061 31061 78139 92755 96117 78139 78139 31061 92755 54095 37810 54095 31061 17570 78139 99556 78139 96117 25237 92755 
25237 17570 81905 17570 81905 31061 54095 25237 54095 25237 54095 37810 92755 78139 92755 96117 25237 37810 25237 92755 37810 54095 31061 96117 31061 31061 99556 17570 25237 81905 96117 81905 37810 54095 78139 99556 17570 96117 25237 37810 81905 37810 37810 54095 17570 99556 99556 54095 37810 31061 96117 37810 31061 17570 25237 81905 78139 37810 78139 31061 92755 37810 92755 99556 99556 92755 92755 81905 31061 37810 78139 17570 25237 78139 78139 92755 31061 37810 81905 25237 54095 31061 81905 92755 96117 54095 54095 25237 81905 17570 54095 81905 96117 25237 17570 37810 37810 96117 31061 92755 
54095 31061 78139 78139 92755 96117 96117 37810 31061 96117 31061 81905 54095 96117 17570 31061 78139 96117 78139 54095 78139 96117 92755 81905 96117 25237 92755 31061 81905 17570 92755 17570 17570 25237 31061 37810 78139 78139 25237 96117 96117 92755 81905 99556 17570 92755 31061 99556 96117 81905 31061 31061 37810 25237 92755 96117 37810 17570 92755 99556 31061 31061 17570 25237 99556 78139 81905 54095 25237 96117 54095 37810 78139 96117 81905 54095 37810 25237 54095 99556 99556 17570 78139 17570 96117 54095 25237 78139 99556 99556 96117 25237 92755 96117 92755 92755 31061 99556 78139 99556 
31061 54095 17570 96117 92755 25237 92755 81905 31061 99556 81905 78139 96117 17570 81905 78139 54095 31061 99556 54095 81905 81905 37810 31061 31061 31061 37810 81905 37810 54095 92755 37810 31061 78139 92755 78139 92755 81905 78139 81905 81905 25237 92755 81905 96117 17570 17570 25237 92755 78139 99556 17570 37810 81905 78139 92755 31061 31061 17570 99556 92755 54095 81905 81905 78139 31061 92755 81905 17570 81905 81905 31061 37810 37810 81905 37810 25237 92755 54095 37810 31061 37810 17570 99556 99556 92755 31061 37810 78139 31061 81905 96117 92755 99556 54095 81905 96117 54095 99556 99556 
37810 78139 17570 17570 31061 25237 54095 25237 81905 96117 99556 17570 17570 78139 92755 31061 96117 31061 31061 37810 37810 78139 99556 17570 37810 25237 25237 37810 17570 96117 99556 78139 99556 78139 81905 25237 37810 31061 17570 96117 81905 99556 25237 99556 81905 96117 92755 81905 31061 81905 99556 99556 25237 25237 25237 96117 54095 99556 99556 31061 81905 17570 99556 25237 92755 37810 37810 54095 78139 17570 81905 54095 96117 54095 96117 54095 78139 99556 92755 31061 96117 99556 17570 81905 31061 96117 78139 17570 78139 78139 31061 99556 54095 92755 99556 17570 54095 99556 31061 92755 
17570 37810 25237 81905 92755 92755 37810 92755 81905 54095 78139 25237 31061 96117 78139 54095 99556 25237 81905 99556 17570 92755 81905 81905 31061 17570 92755 81905 17570 81905 96117 25237 31061 31061 25237 99556 25237 25237 25237 92755 96117 31061 81905 81905 17570 54095 31061 92755 99556 78139 25237 17570 54095 37810 96117 99556 99556 78139 92755 25237 31061 37810 78139 17570 81905 96117 17570 17570 17570 81905 25237 37810 25237 17570 81905 54095 17570 31061 81905 31061 96117 25237 54095 37810 92755 78139 81905 96117 54095 17570 17570 78139 99556 25237 78139 78139 99556 54095 31061 96117 
92755 92755 37810 17570 99556 31061 54095 31061 81905 99556 81905 54095 78139 37810 31061 37810 31061 25237 96117 17570 37810 25237 37810 17570 25237 78139 17570 81905 99556 99556 31061 54095 78139 99556 96117 37810 25237 31061 81905 78139 37810 37810 25237 99556 25237 17570 54095 25237 92755 78139 99556 78139 96117 54095 17570 37810 92755 81905 25237 92755 96117 92755 96117 78139 37810 54095 78139 37810 81905 17570 31061 78139 78139 37810 17570 37810 54095 96117 25237 99556 37810 78139 17570 17570 99556 31061 99556 17570 99556 81905 99556 17570 99556 78139 99556 25237 54095 25237 31061 54095 
37810 78139 25237 78139 78139 92755 31061 37810 92755 25237 31061 37810 78139 37810 37810 25237 78139 92755 99556 92755 37810 92755 54095 37810 25237 81905 99556 31061 81905 37810 81905 81905 99556 54095 96117 81905 96117 25237 78139 81905 37810 78139 78139 99556 54095 99556 92755 25237 31061 31061 25237 37810 96117 99556 31061 25237 17570 37810 37810 25237 96117 17570 96117 81905 81905 99556 54095 92755 17570 81905 25237 96117 31061 54095 25237 17570 99556 37810 25237 17570 81905 96117 92755 37810 37810 96117 54095 37810 25237 37810 37810 96117 96117 96117 78139 92755 96117 17570 96117 37810 
96117 17570 17570 37810 96117 99556 54095 37810 92755 81905 81905 54095 54095 17570 99556 96117 31061 92755 81905 99556 54095 17570 78139 92755 92755 54095 54095 96117 92755 17570 54095 25237 92755 99556 17570 99556 37810 96117 99556 99556 81905 54095 99556 81905 92755 92755 96117 17570 37810 25237 99556 25237 92755 99556 17570 99556 17570 17570 92755 54095 96117 17570 25237 17570 31061 37810 78139 25237 17570 31061 78139 96117 25237 17570 92755 99556 96117 25237 37810 54095 81905 25237 17570 54095 25237 17570 25237 31061 92755 99556 25237 81905 96117 81905 99556 17570 54095 54095 17570 54095 
92755 81905 78139 92755 54095 17570 99556 37810 31061 78139 31061 37810 99556 25237 81905 31061 54095 54095 25237 99556 54095 92755 96117 78139 92755 81905 37810 78139 92755 99556 54095 96117 25237 99556 96117 54095 31061 78139 99556 81905 17570 78139 92755 81905 17570 54095 96117 31061 99556 96117 54095 92755 78139 37810 99556 81905 99556 17570 54095 17570 31061 31061 37810 25237 17570 54095 99556 92755 37810 81905 81905 31061 78139 92755 78139 54095 92755 54095 54095 92755 25237 78139 37810 25237 99556 25237 25237 17570 54095 78139 37810 96117 31061 78139 92755 78139 17570 92755 92755 25237 
37810 81905 99556 54095 31061 78139 54095 92755 31061 54095 81905 92755 54095 54095 17570 17570 92755 17570 92755 99556 31061 78139 17570 99556 92755 17570 37810 31061 99556 54095 37810 37810 99556 99556 78139 25237 31061 96117 17570 37810 17570 78139 99556 54095 99556 31061 78139 81905 25237 37810 92755 37810 25237 25237 78139 78139 17570 25237 54095 17570 99556 54095 81905 17570 92755 54095 81905 96117 17570 25237 92755 31061 54095 99556 81905 31061 81905 54095 37810 37810 37810 37810 37810 17570 99556 37810 37810 17570 31061 31061 25237 54095 37810 96117 99556 37810 99556 25237 81905 31061 
31061 37810 81905 99556 17570 81905 17570 99556 99556 78139 54095 92755 99556 31061 99556 81905 17570 81905 92755 25237 96117 17570 96117 78139 92755 54095 81905 81905 99556 81905 81905 37810 92755 54095 81905 31061 17570 78139 96117 17570 37810 37810 37810 25237 78139 78139 81905 25237 31061 37810 54095 96117 92755 17570 78139 92755 54095 37810 37810 78139 92755 31061 81905 25237 99556 25237 78139 81905 25237 99556 99556 78139 81905 17570 81905 92755 99556 78139 17570 31061 31061 54095 96117 37810 92755 81905 17570 54095 54095 81905 31061 96117 78139 54095 81905 81905 17570 31061 37810 81905 
31061 54095 78139 54095 81905 92755 25237 31061 96117 37810 92755 54095 96117 54095 54095 96117 54095 96117 25237 99556 96117 25237 31061 17570 54095 17570 81905 96117 81905 25237 78139 17570 37810 17570 54095 81905 25237 17570 25237 25237 54095 25237 25237 54095 25237 96117 37810 78139 25237 37810 37810 78139 92755 96117 81905 99556 78139 54095 81905 31061 37810 78139 78139 54095 17570 31061 96117 78139 37810 81905 92755 25237 54095 99556 81905 81905 37810 17570 25237 54095 37810 25237 81905 92755 54095 54095 99556 37810 96117 37810 81905 17570 92755 99556 96117 92755 17570 17570 99556 17570 
99556 92755 92755 17570 17570 17570 78139 92755 92755 54095 92755 96117 92755 99556 78139 99556 99556 54095 96117 92755 17570 96117 92755 78139 17570 37810 37810 31061 54095 99556 37810 37810 17570 37810 81905 92755 96117 25237 92755 99556 92755 54095 81905 92755 81905 25237 54095 25237 78139 31061 17570 81905 37810 92755 31061 25237 54095 81905 99556 17570 78139 92755 92755 96117 25237 81905 92755 92755 54095 17570 54095 78139 96117 92755 31061 99556 81905 25237 96117 17570 37810 17570 54095 25237 81905 31061 31061 96117 96117 78139 37810 54095 17570 99556 96117 92755 37810 99556 81905 78139 
78139 99556 96117 81905 31061 54095 96117 78139 17570 25237 25237 17570 99556 17570 99556 92755 99556 17570 92755 31061 78139 31061 25237 92755 25237 25237 54095 17570 54095 31061 92755 81905 78139 92755 78139 92755 25237 54095 81905 31061 99556 92755 96117 81905 99556 31061 81905 96117 17570 37810 78139 78139 25237 96117 54095 31061 92755 81905 78139 92755 37810 25237 99556 92755 78139 78139 81905 37810 92755 78139 54095 99556 31061 96117 25237 96117 99556 99556 81905 37810 99556 92755 17570 99556 92755 99556 78139 92755 31061 25237 81905 37810 81905 96117 96117 92755 99556 37810 31061 92755 
31061 54095 31061 78139 78139 54095 96117 31061 31061 37810 17570 25237 17570 81905 31061 96117 37810 25237 81905 31061 99556 96117 31061 81905 31061 31061 17570 37810 37810 92755 37810 17570 37810 96117 78139 37810 17570 99556 25237 81905 54095 31061 92755 17570 54095 37810 25237 99556 25237 17570 81905 25237 96117 17570 99556 54095 78139 78139 37810 54095 54095 17570 78139 31061 78139 54095 37810 78139 92755 17570 25237 92755 99556 25237 81905 99556 78139 31061 54095 54095 81905 92755 54095 92755 37810 99556 92755 92755 54095 78139 96117 37810 31061 54095 92755 92755 54095 81905 78139 31061 
37810 99556 92755 31061 17570 96117 78139 92755 81905 37810 31061 25237 92755 92755 54095 96117 99556 17570 96117 81905 81905 96117 92755 17570 96117 17570 31061 96117 78139 54095 31061 96117 78139 25237 78139 54095 81905 37810 54095 54095 92755 17570 99556 78139 37810 92755 17570 37810 31061 78139 81905 78139 54095 37810 31061 78139 54095 37810 81905 37810 54095 17570 78139 17570 37810 92755 54095 17570 37810 78139 92755 37810 31061 92755 92755 31061 17570 25237 96117 99556 78139 25237 17570 92755 81905 96117 31061 54095 96117 92755 54095 92755 92755 81905 81905 37810 96117 78139 37810 31061 
54095 78139 25237 78139 37810 31061 25237 96117 96117 99556 78139 96117 54095 81905 31061 54095 25237 99556 81905 31061 54095 31061 99556 37810 31061 17570 81905 81905 37810 92755 31061 78139 92755 54095 96117 92755 96117 96117 78139 78139 81905 81905 25237 17570 81905 96117 37810 37810 37810 54095 31061 54095 54095 17570 78139 81905 81905 17570 81905 31061 31061 25237 96117 54095 92755 25237 54095 78139 17570 54095 17570 99556 99556 96117 25237 92755 81905 17570 17570 78139 17570 99556 99556 17570 54095 31061 92755 31061 99556 99556 81905 17570 96117 96117 54095 96117 25237 37810 17570 96117 
25237 92755 99556 25237 78139 96117 92755 78139 54095 92755 25237 54095 54095 81905 17570 92755 81905 96117 37810 37810 99556 54095 37810 92755 78139 78139 37810 54095 78139 31061 37810 25237 81905 92755 81905 17570 25237 92755 78139 81905 17570 37810 25237 99556 99556 99556 78139 17570 17570 96117 37810 99556 99556 17570 37810 92755 54095 78139 31061 37810 96117 31061 81905 31061 54095 78139 81905 99556 25237 25237 31061 96117 96117 78139 54095 96117 25237 25237 25237 25237 37810 78139 37810 92755 25237 31061 17570 99556 78139 99556 96117 17570 17570 17570 54095 92755 99556 92755 37810 99556 
81905 81905 92755 54095 17570 25237 99556 78139 81905 37810 99556 31061 81905 37810 99556 96117 92755 81905 31061 96117 96117 54095 78139 81905 99556 54095 96117 92755 78139 31061 17570 99556 81905 25237 25237 78139 96117 17570 99556 78139 37810 31061 78139 81905 81905 17570 25237 54095 31061 96117 54095 54095 17570 31061 99556 96117 78139 31061 54095 54095 99556 37810 37810 25237 99556 78139 37810 78139 96117 17570 92755 81905 92755 31061 31061 25237 31061 17570 54095 99556 99556 78139 37810 92755 92755 81905 99556 54095 54095 78139 17570 31061 78139 96117 81905 92755 31061 99556 37810 78139 
25237 54095 99556 81905 37810 25237 25237 99556 78139 25237 25237 99556 99556 92755 54095 96117 54095 54095 96117 31061 17570 78139 31061 96117 54095 25237 92755 96117 25237 81905 81905 25237 37810 17570 81905 54095 54095 25237 54095 25237 37810 81905 17570 37810 31061 96117 99556 37810 54095 99556 25237 96117 78139 37810 78139 99556 78139 17570 25237 92755 99556 81905 92755 54095 25237 96117 54095 17570 96117 92755 25237 96117 25237 78139 54095 17570 54095 81905 25237 78139 81905 54095 17570 99556 78139 17570 81905 37810 81905 81905 99556 78139 37810 25237 25237 17570 99556 54095 25237 92755 
81905 81905 54095 81905 31061 31061 37810 25237 31061 81905 99556 78139 25237 81905 31061 31061 54095 78139 96117 17570 25237 25237 81905 17570 99556 81905 17570 96117 92755 37810 96117 54095 17570 25237 25237 31061 96117 92755 92755 96117 99556 99556 99556 92755 37810 92755 25237 81905 99556 17570 81905 78139 25237 92755 31061 96117 81905 17570 17570 54095 96117 17570 78139 81905 99556 99556 96117 37810 96117 99556 37810 96117 25237 31061 92755 54095 81905 31061 37810 78139 92755 92755 17570 25237 54095 99556 81905 81905 37810 78139 99556 99556 17570 17570 78139 99556 96117 92755 31061 78139 
99556 17570 81905 25237 31061 96117 31061 31061 54095 92755 17570 81905 92755 78139 54095 99556 17570 92755 31061 96117 17570 81905 92755 17570 54095 92755 37810 25237 99556 99556 54095 78139 99556 37810 99556 37810 31061 99556 31061 78139 25237 78139 96117 25237 78139 99556 81905 54095 96117 31061 31061 54095 78139 92755 54095 81905 92755 54095 78139 96117 78139 81905 31061 54095 78139 54095 31061 92755 31061 31061 37810 99556 78139 54095 54095 99556 25237 99556 81905 96117 17570 92755 31061 54095 25237 17570 99556 81905 25237 96117 54095 31061 81905 92755 17570 96117 99556 92755 25237 17570 
92755 17570 17570 31061 37810 81905 96117 99556 17570 99556 92755 99556 31061 31061 54095 37810 92755 37810 81905 92755 78139 78139 81905 78139 17570 25237 37810 92755 81905 81905 31061 54095 92755 81905 99556 37810 37810 17570 37810 54095 81905 54095 25237 96117 96117 78139 25237 17570 31061 54095 99556 78139 78139 37810 54095 96117 78139 54095 99556 92755 31061 54095 92755 92755 17570 92755 54095 81905 17570 99556 96117 31061 78139 37810 31061 78139 54095 31061 78139 25237 37810 37810 54095 37810 37810 54095 31061 17570 92755 25237 92755 17570 54095 54095 37810 54095 31061 96117 54095 81905 
92755 31061 92755 92755 78139 96117 54095 78139 31061 31061 25237 31061 78139 99556 96117 92755 78139 81905 17570 31061 81905 92755 92755 92755 31061 99556 99556 96117 78139 54095 99556 37810 31061 25237 17570 17570 78139 99556 99556 31061 37810 81905 96117 99556 78139 81905 78139 81905 96117 31061 25237 17570 37810 54095 17570 81905 78139 31061 37810 81905 54095 54095 78139 31061 37810 31061 92755 31061 37810 25237 96117 96117 96117 78139 25237 81905 31061 78139 99556 78139 99556 31061 25237 92755 92755 92755 31061 25237 78139 81905 25237 78139 54095 54095 17570 17570 17570 31061 17570 96117 
54095 78139 96117 92755 17570 17570 25237 31061 31061 17570 92755 92755 96117 25237 81905 99556 92755 96117 37810 96117 25237 54095 25237 99556 99556 81905 25237 92755 81905 54095 78139 17570 31061 78139 37810 54095 17570 25237 81905 96117 92755 78139 25237 81905 17570 37810 31061 54095 96117 81905 17570 81905 25237 96117 99556 17570 92755 81905 25237 92755 96117 99556 92755 92755 78139 25237 78139 31061 96117 81905 78139 37810 31061 92755 92755 81905 54095 81905 54095 81905 25237 96117 17570 31061 81905 96117 78139 54095 96117 37810 99556 81905 37810 78139 31061 78139 25237 31061 31061 54095 
81905 31061 17570 92755 81905 37810 54095 17570 25237 92755 37810 54095 99556 54095 81905 17570 54095 25237 54095 96117 96117 81905 78139 37810 25237 99556 81905 25237 92755 78139 31061 25237 92755 92755 99556 96117 25237 37810 92755 96117 99556 37810 25237 54095 31061 31061 78139 17570 92755 25237 17570 37810 99556 25237 25237 96117 99556 92755 81905 78139 96117 78139 81905 37810 99556 81905 92755 92755 96117 99556 37810 31061 54095 17570 81905 92755 78139 81905 99556 78139 31061 78139 54095 37810 31061 37810 17570 31061 92755 96117 37810 25237 25237 81905 54095 92755 96117 17570 31061 17570 
78139 78139 78139 31061 78139 81905 25237 78139 17570 99556 31061 78139 37810 25237 25237 37810 81905 99556 37810 37810 92755 78139 17570 17570 31061 92755 81905 99556 96117 17570 54095 17570 37810 92755 81905 25237 96117 92755 25237 81905 92755 25237 17570 37810 92755 54095 78139 99556 31061 37810 54095 92755 31061 54095 37810 31061 81905 99556 99556 17570 81905 92755 54095 54095 17570 78139 99556 37810 99556 99556 92755 81905 96117 17570 92755 25237 37810 37810 37810 99556 96117 78139 99556 99556 25237 25237 37810 17570 81905 25237 81905 92755 54095 92755 37810 25237 54095 25237 99556 17570 
31061 92755 31061 25237 99556 37810 25237 54095 92755 92755 25237 37810 25237 96117 25237 25237 81905 25237 25237 17570 25237 81905 92755 17570 31061 99556 25237 81905 96117 37810 99556 96117 17570 81905 99556 78139 31061 37810 37810 54095 92755 78139 99556 96117 54095 17570 54095 54095 81905 37810 92755 31061 54095 54095 78139 81905 96117 37810 54095 54095 78139 99556 96117 37810 25237 96117 92755 78139 37810 81905 17570 92755 31061 81905 37810 92755 17570 37810 25237 78139 78139 54095 99556 96117 37810 54095 25237 81905 92755 78139 78139 81905 37810 96117 78139 81905 25237 99556 25237 54095 
99556 25237 25237 92755 92755 99556 37810 17570 96117 37810 99556 99556 17570 78139 78139 25237 37810 78139 78139 25237 31061 96117 25237 31061 96117 37810 99556 92755 81905 78139 25237 37810 81905 37810 81905 96117 78139 78139 99556 31061 92755 81905 37810 54095 54095 78139 17570 54095 99556 99556 81905 17570 92755 92755 37810 37810 78139 25237 17570 99556 92755 96117 96117 37810 31061 96117 37810 54095 96117 92755 37810 54095 99556 99556 96117 99556 31061 99556 17570 81905 81905 92755 99556 92755 25237 31061 96117 78139 99556 99556 81905 31061 31061 54095 78139 78139 25237 78139 17570 54095 
81905 31061 31061 54095 96117 25237 17570 78139 17570 99556 17570 92755 81905 92755 96117 25237 99556 99556 78139 81905 17570 17570 54095 31061 96117 25237 31061 54095 37810 78139 31061 31061 31061 99556 37810 25237 17570 96117 81905 92755 37810 92755 99556 37810 78139 96117 99556 17570 96117 25237 25237 78139 31061 17570 17570 37810 92755 92755 92755 99556 78139 37810 37810 81905 54095 78139 92755 17570 78139 17570 17570 99556 17570 96117 99556 96117 92755 92755 17570 31061 78139 81905 92755 78139 81905 25237 96117 92755 25237 92755 54095 96117 92755 25237 17570 96117 81905 17570 31061 25237 
81905 96117 99556 99556 37810 78139 37810 96117 99556 54095 96117 37810 37810 81905 96117 31061 31061 54095 17570 92755 54095 92755 54095 92755 54095 78139 54095 25237 81905 92755 92755 31061 81905 99556 81905 17570 99556 31061 92755 25237 17570 54095 81905 78139 96117 37810 25237 96117 17570 99556 25237 92755 31061 54095 31061 25237 99556 31061 37810 37810 99556 81905 54095 81905 31061 25237 31061 31061 92755 31061 31061 78139 37810 37810 37810 37810 92755 17570 31061 81905 17570 25237 92755 92755 54095 54095 31061 25237 17570 81905 31061 99556 25237 78139 99556 96117 96117 96117 78139 92755 
37810 96117 96117 99556 54095 92755 37810 78139 17570 78139 96117 17570 99556 96117 92755 54095 17570 25237 78139 96117 99556 96117 78139 37810 96117 17570 25237 78139 81905 99556 81905 25237 92755 17570 92755 25237 81905 92755 99556 54095 92755 17570 92755 92755 81905 25237 37810 17570 96117 37810 37810 31061 92755 81905 25237 92755 37810 37810 92755 31061 31061 96117 81905 31061 81905 25237 92755 17570 92755 99556 17570 31061 31061 54095 54095 25237 92755 17570 37810 25237 54095 37810 31061 54095 37810 92755 54095 31061 17570 96117 99556 78139 54095 96117 25237 96117 81905 17570 92755 31061 
25237 81905 96117 25237 54095 37810 81905 31061 99556 99556 92755 31061 99556 99556 25237 99556 96117 78139 25237 92755 17570 54095 37810 99556 92755 81905 37810 54095 31061 25237 81905 54095 78139 81905 78139 81905 96117 81905 54095 96117 99556 54095 17570 92755 37810 25237 25237 54095 31061 81905 31061 31061 37810 78139 96117 31061 17570 37810 25237 31061 81905 99556 78139 54095 96117 17570 81905 54095 99556 54095 17570 37810 96117 96117 99556 54095 37810 37810 37810 54095 31061 81905 17570 92755 96117 37810 31061 54095 54095 99556 96117 92755 96117 81905 78139 54095 96117 17570 99556 78139 
78139 17570 92755 78139 17570 37810 81905 17570 81905 96117 96117 99556 99556 37810 54095 17570 31061 96117 96117 81905 81905 37810 31061 99556 37810 37810 31061 99556 31061 17570 96117 81905 81905 99556 25237 99556 31061 17570 54095 31061 99556 31061 31061 81905 78139 81905 37810 96117 31061 81905 37810 37810 99556 31061 17570 25237 81905 54095 25237 54095 92755 25237 31061 37810 54095 96117 96117 78139 54095 96117 92755 37810 31061 54095 99556 17570 17570 96117 99556 31061 78139 37810 92755 37810 25237 25237 37810 92755 25237 31061 78139 78139 92755 81905 31061 92755 92755 54095 25237 96117 
96117 25237 81905 31061 92755 96117 54095 81905 96117 54095 96117 78139 31061 31061 78139 99556 17570 92755 78139 25237 99556 78139 78139 17570 31061 96117 31061 81905 37810 17570 81905 25237 96117 25237 96117 96117 81905 37810 92755 25237 31061 78139 31061 25237 96117 25237 96117 54095 78139 92755 96117 99556 17570 37810 31061 81905 37810 96117 17570 92755 96117 25237 31061 92755 99556 92755 99556 92755 81905 37810 92755 17570 92755 25237 81905 37810 78139 81905 25237 96117 92755 81905 17570 78139 96117 78139 17570 31061 37810 92755 54095 31061 96117 25237 54095 96117 92755 25237 99556 78139 
