100 81
85044150 1208154980 267677741 389073288 271720180 2739496592 89414716 2317443072 1190181001 1731423820 616126672 915097792 463380040 24373260 72965385 261959358 167947920 2780868160 616126672 167947920 226438656 616126672 2780868160 60202081 1182345240 616126672 2780868160 1182345240 72965385 132802576 311989390 2680972896 985310208 74067300 24373260 226438656 915097792 616126672 2680972896 1442886144 1387204790 85044150 569758084 985310208 74067300 389073288 985310208 167947920 226438656 85044150 311989390 2680972896 1208154980 336316416 1442886144 6305630464 1705665059 61724160 2317443072 271720180 4473225 1208154980 1182345240 226438656 1669227042 271720180 60202081 267677741 397566476 403570480 1442886144 1442886144 89414716 2680972896 1182345240 1616844100 71406630 2780868160 1164755238 271720180 1731423820 1164755238 569758084 1208154980 167947920 389073288 261959358 2444412481 463380040 1164755238 397566476 71406630 271720180 16410285 60202081 89414716 267677741 85044150 2739496592 118168277408380 
34499 7759 40210 33762 35020 7759 35020 7759 35020 11524 7759 34499 7759 35020 11524 79408 49441 2115 40210 7759 2115 2115 49441 2115 33762 34499 2115 2115 7759 35020 11524 33762 33762 7759 79408 35020 40210 7759 11524 29184 33762 33762 35020 2115 33762 11524 40210 40210 2115 35020 11524 33762 40210 49441 40210 2115 2115 11524 34499 11524 34499 2115 11524 40210 7759 29184 34499 7759 40210 79408 35020 34499 79408 40210 29184 2115 35020 29184 34499 11524 29184 49441 35020 35020 40210 49441 49441 34499 35020 33762 29184 49441 40210 11524 35020 33762 40210 34499 49441 2115 
40210 11524 7759 34499 40210 11524 33762 34499 2115 79408 49441 49441 33762 7759 7759 34499 35020 2115 2115 49441 11524 11524 29184 2115 49441 34499 79408 35020 2115 2115 34499 2115 35020 35020 33762 7759 29184 29184 40210 7759 40210 33762 49441 7759 34499 79408 35020 49441 40210 34499 29184 49441 35020 11524 11524 40210 2115 11524 7759 11524 79408 49441 40210 79408 2115 49441 79408 79408 79408 7759 2115 7759 79408 40210 79408 34499 49441 35020 34499 29184 40210 33762 40210 35020 11524 34499 49441 40210 34499 49441 33762 7759 35020 2115 49441 2115 2115 33762 49441 33762 
29184 35020 11524 40210 11524 2115 29184 34499 40210 40210 11524 33762 11524 33762 7759 2115 11524 35020 2115 49441 49441 35020 29184 35020 79408 49441 2115 2115 40210 7759 2115 2115 2115 79408 11524 40210 7759 49441 29184 34499 40210 79408 49441 35020 35020 35020 33762 29184 40210 33762 34499 34499 49441 7759 29184 79408 29184 29184 2115 7759 34499 7759 2115 7759 33762 35020 79408 40210 34499 49441 34499 40210 29184 7759 35020 40210 2115 40210 49441 11524 29184 11524 7759 79408 33762 33762 49441 34499 33762 33762 29184 33762 35020 34499 34499 2115 34499 49441 40210 40210 
79408 79408 40210 49441 7759 7759 7759 7759 49441 33762 33762 40210 2115 79408 49441 34499 33762 49441 33762 7759 40210 7759 79408 40210 49441 7759 40210 40210 79408 29184 79408 49441 79408 40210 7759 2115 11524 49441 33762 7759 29184 11524 79408 49441 35020 11524 7759 34499 11524 7759 11524 40210 11524 2115 11524 33762 2115 40210 34499 49441 33762 34499 35020 79408 34499 49441 35020 7759 34499 79408 35020 40210 34499 34499 11524 79408 35020 33762 34499 11524 11524 7759 79408 35020 34499 11524 40210 40210 79408 2115 29184 79408 35020 11524 35020 35020 34499 40210 2115 35020 
33762 79408 2115 34499 34499 7759 2115 34499 40210 11524 49441 33762 7759 49441 33762 33762 40210 35020 7759 7759 34499 79408 11524 35020 2115 49441 11524 34499 79408 29184 7759 40210 79408 11524 79408 11524 79408 40210 40210 7759 2115 33762 7759 29184 33762 35020 7759 79408 29184 79408 11524 40210 11524 40210 34499 11524 79408 7759 79408 11524 11524 2115 34499 2115 79408 79408 34499 29184 7759 11524 49441 2115 40210 2115 49441 2115 35020 35020 33762 2115 11524 11524 7759 11524 2115 7759 7759 7759 7759 49441 29184 34499 11524 33762 79408 7759 33762 49441 11524 79408 
49441 33762 49441 29184 40210 29184 7759 49441 7759 2115 7759 7759 7759 49441 79408 40210 34499 40210 33762 2115 7759 35020 11524 49441 11524 2115 49441 7759 2115 40210 40210 49441 35020 40210 29184 11524 11524 49441 11524 33762 2115 34499 29184 29184 79408 33762 33762 40210 49441 29184 2115 11524 79408 11524 35020 29184 7759 79408 34499 7759 40210 34499 40210 49441 34499 11524 40210 33762 7759 40210 11524 29184 11524 7759 35020 11524 33762 11524 34499 35020 40210 35020 79408 2115 79408 35020 49441 7759 40210 7759 79408 49441 2115 34499 40210 33762 79408 29184 2115 29184 
11524 11524 40210 79408 79408 33762 35020 2115 2115 34499 33762 49441 11524 29184 34499 2115 7759 40210 49441 35020 35020 49441 33762 49441 11524 2115 7759 2115 7759 11524 35020 35020 34499 29184 35020 40210 2115 2115 79408 34499 33762 40210 79408 7759 2115 49441 33762 2115 7759 7759 49441 29184 2115 34499 40210 29184 34499 79408 2115 29184 49441 49441 35020 7759 79408 11524 49441 35020 49441 79408 2115 40210 29184 34499 2115 40210 40210 35020 33762 2115 29184 29184 11524 33762 33762 7759 29184 29184 49441 7759 49441 34499 11524 35020 35020 33762 29184 40210 35020 33762 
49441 35020 79408 35020 11524 35020 11524 29184 49441 11524 79408 49441 34499 40210 79408 11524 49441 34499 11524 40210 40210 11524 29184 2115 2115 34499 11524 40210 2115 29184 79408 2115 29184 29184 11524 7759 79408 34499 33762 7759 11524 49441 11524 35020 2115 40210 49441 40210 49441 34499 2115 49441 7759 29184 11524 29184 35020 34499 7759 34499 35020 35020 40210 7759 79408 79408 79408 29184 40210 79408 40210 49441 49441 40210 33762 11524 11524 40210 11524 2115 29184 49441 33762 29184 11524 40210 49441 2115 49441 7759 29184 33762 34499 35020 35020 7759 35020 35020 7759 2115 
7759 35020 79408 40210 29184 40210 7759 35020 49441 2115 7759 29184 11524 40210 35020 40210 49441 34499 11524 2115 29184 40210 35020 33762 40210 40210 29184 79408 11524 40210 40210 11524 33762 40210 35020 11524 49441 33762 29184 33762 34499 33762 49441 49441 79408 40210 7759 34499 29184 40210 35020 33762 79408 49441 29184 34499 2115 79408 35020 33762 79408 40210 33762 7759 33762 29184 35020 40210 40210 49441 79408 11524 40210 33762 2115 34499 34499 40210 79408 34499 2115 49441 7759 29184 33762 2115 2115 40210 49441 35020 49441 49441 40210 7759 11524 2115 35020 11524 11524 35020 
79408 40210 7759 11524 49441 49441 49441 40210 49441 35020 34499 2115 7759 35020 40210 34499 2115 7759 33762 40210 79408 49441 7759 7759 11524 7759 35020 35020 7759 49441 29184 40210 33762 33762 2115 29184 40210 35020 79408 2115 35020 34499 40210 35020 49441 7759 79408 2115 35020 11524 35020 7759 33762 29184 79408 34499 33762 29184 33762 11524 40210 2115 33762 7759 7759 7759 35020 11524 79408 11524 79408 79408 35020 79408 2115 49441 2115 33762 34499 7759 34499 49441 35020 33762 79408 40210 2115 33762 49441 33762 33762 49441 35020 35020 29184 2115 34499 49441 2115 35020 
79408 34499 40210 29184 34499 2115 34499 49441 33762 79408 7759 40210 35020 79408 2115 49441 2115 40210 40210 40210 29184 35020 7759 29184 2115 7759 7759 33762 35020 34499 79408 40210 2115 11524 35020 79408 7759 79408 49441 29184 11524 35020 34499 79408 79408 2115 34499 29184 49441 7759 33762 49441 40210 34499 29184 11524 29184 11524 35020 7759 35020 33762 33762 40210 29184 2115 33762 33762 79408 11524 29184 7759 79408 35020 49441 79408 40210 33762 49441 49441 40210 49441 79408 2115 11524 79408 7759 35020 34499 49441 40210 2115 7759 35020 49441 34499 35020 11524 35020 33762 
49441 79408 33762 79408 7759 49441 35020 49441 11524 2115 11524 2115 2115 7759 79408 34499 34499 40210 11524 49441 34499 33762 79408 7759 34499 33762 35020 40210 49441 49441 49441 2115 33762 40210 29184 79408 34499 79408 33762 7759 49441 40210 2115 11524 40210 33762 11524 7759 2115 11524 11524 79408 34499 35020 40210 11524 40210 79408 49441 49441 35020 79408 29184 34499 79408 49441 35020 29184 35020 29184 11524 49441 49441 79408 29184 35020 11524 7759 35020 33762 2115 40210 40210 2115 7759 34499 34499 29184 33762 34499 35020 29184 34499 34499 79408 40210 34499 29184 49441 35020 
40210 40210 29184 11524 7759 49441 2115 35020 11524 7759 33762 33762 79408 33762 35020 35020 35020 49441 33762 7759 79408 11524 49441 40210 40210 40210 29184 40210 29184 29184 11524 11524 35020 49441 40210 7759 79408 40210 2115 33762 2115 2115 29184 11524 79408 49441 40210 49441 34499 11524 33762 7759 33762 49441 11524 35020 35020 29184 33762 79408 7759 33762 11524 2115 7759 33762 49441 49441 29184 34499 49441 2115 34499 79408 40210 11524 29184 34499 29184 11524 2115 79408 35020 33762 40210 79408 33762 29184 49441 2115 2115 34499 40210 40210 49441 29184 40210 7759 40210 11524 
34499 2115 34499 49441 35020 49441 79408 33762 11524 79408 33762 29184 7759 11524 33762 34499 29184 35020 34499 35020 11524 7759 2115 29184 35020 49441 29184 29184 34499 7759 11524 40210 40210 35020 79408 29184 33762 40210 33762 49441 35020 79408 79408 34499 7759 11524 35020 7759 79408 2115 40210 29184 2115 79408 7759 11524 79408 33762 7759 35020 11524 79408 35020 34499 34499 2115 11524 33762 49441 7759 11524 29184 29184 40210 49441 40210 40210 29184 7759 35020 11524 79408 7759 2115 33762 79408 7759 40210 79408 7759 35020 7759 40210 40210 40210 34499 35020 2115 2115 11524 
79408 33762 49441 49441 79408 7759 29184 2115 11524 34499 11524 49441 49441 79408 33762 79408 29184 79408 79408 49441 29184 79408 33762 40210 7759 11524 2115 7759 49441 40210 2115 11524 34499 2115 49441 33762 40210 2115 2115 79408 40210 79408 34499 11524 33762 49441 79408 49441 40210 29184 34499 11524 2115 34499 11524 7759 33762 40210 29184 40210 40210 29184 11524 11524 7759 35020 2115 11524 29184 40210 40210 7759 34499 34499 79408 40210 40210 33762 2115 7759 33762 49441 40210 35020 79408 35020 33762 11524 49441 34499 49441 34499 29184 40210 33762 7759 33762 49441 79408 7759 
79408 29184 29184 35020 34499 11524 79408 34499 11524 7759 40210 79408 35020 34499 35020 33762 79408 35020 49441 40210 33762 11524 35020 35020 11524 35020 7759 35020 7759 7759 2115 2115 11524 29184 33762 35020 29184 49441 79408 79408 35020 35020 35020 40210 7759 35020 79408 34499 7759 33762 11524 40210 49441 40210 79408 2115 33762 35020 29184 11524 33762 35020 7759 40210 34499 11524 49441 79408 79408 49441 34499 33762 7759 7759 40210 49441 2115 29184 34499 33762 40210 11524 40210 49441 35020 11524 33762 79408 34499 35020 40210 79408 7759 2115 35020 34499 2115 35020 29184 7759 
35020 2115 29184 29184 34499 29184 29184 35020 2115 35020 2115 79408 33762 29184 40210 40210 33762 2115 40210 34499 2115 11524 34499 2115 79408 34499 2115 34499 11524 49441 35020 29184 40210 29184 11524 35020 35020 79408 49441 79408 40210 2115 34499 11524 35020 7759 40210 7759 33762 79408 35020 7759 29184 7759 79408 35020 2115 2115 49441 79408 29184 34499 29184 33762 2115 79408 34499 40210 29184 40210 40210 49441 11524 11524 7759 7759 11524 49441 29184 35020 7759 33762 79408 29184 2115 2115 2115 35020 34499 35020 29184 49441 34499 35020 7759 35020 33762 33762 79408 11524 
33762 40210 2115 79408 35020 33762 34499 49441 33762 33762 7759 33762 2115 11524 35020 11524 11524 35020 79408 33762 34499 11524 29184 79408 11524 11524 35020 34499 2115 2115 34499 7759 34499 79408 34499 40210 7759 35020 40210 33762 33762 2115 34499 40210 2115 79408 7759 34499 7759 34499 29184 34499 49441 35020 49441 7759 35020 29184 35020 79408 2115 40210 49441 7759 29184 7759 35020 7759 2115 29184 35020 35020 29184 34499 2115 7759 29184 34499 35020 34499 49441 34499 79408 35020 79408 29184 34499 79408 29184 35020 35020 49441 40210 34499 7759 40210 35020 29184 35020 33762 
79408 2115 40210 11524 34499 33762 40210 2115 40210 34499 7759 29184 35020 2115 7759 35020 35020 2115 33762 49441 40210 49441 29184 34499 79408 40210 33762 34499 79408 49441 34499 79408 29184 49441 11524 2115 7759 35020 33762 7759 79408 7759 35020 33762 29184 2115 33762 2115 2115 35020 49441 11524 49441 33762 11524 33762 33762 34499 11524 2115 7759 7759 29184 7759 11524 34499 34499 40210 7759 49441 29184 34499 49441 11524 2115 49441 11524 7759 40210 34499 7759 34499 79408 34499 2115 33762 35020 49441 11524 2115 11524 2115 2115 11524 29184 11524 29184 29184 35020 79408 
2115 49441 35020 79408 11524 33762 34499 2115 49441 29184 34499 40210 34499 40210 79408 35020 79408 33762 33762 33762 49441 49441 34499 40210 40210 7759 79408 34499 34499 40210 34499 2115 7759 2115 40210 7759 29184 11524 11524 49441 33762 40210 34499 7759 7759 49441 29184 7759 2115 29184 79408 2115 7759 2115 49441 11524 49441 7759 33762 29184 7759 79408 40210 7759 79408 79408 35020 79408 34499 11524 35020 11524 2115 7759 11524 40210 2115 2115 2115 40210 33762 35020 7759 11524 35020 7759 11524 33762 40210 2115 40210 49441 2115 7759 2115 34499 7759 34499 34499 40210 
2115 40210 11524 33762 11524 35020 49441 33762 2115 7759 7759 34499 11524 29184 11524 34499 79408 29184 35020 79408 29184 79408 35020 79408 79408 11524 29184 11524 34499 40210 2115 79408 49441 40210 35020 35020 40210 35020 40210 79408 11524 7759 2115 40210 7759 34499 79408 35020 11524 35020 49441 79408 2115 79408 29184 49441 34499 34499 11524 35020 49441 35020 49441 49441 29184 7759 11524 49441 34499 11524 11524 34499 7759 49441 33762 35020 35020 49441 34499 29184 79408 7759 7759 11524 40210 29184 2115 11524 7759 29184 33762 40210 40210 33762 2115 33762 33762 11524 40210 33762 
34499 35020 79408 40210 40210 40210 29184 11524 7759 33762 49441 7759 11524 40210 33762 33762 33762 79408 40210 7759 34499 2115 79408 11524 2115 34499 33762 7759 40210 2115 79408 7759 49441 79408 34499 35020 34499 79408 11524 49441 11524 34499 34499 34499 2115 35020 33762 11524 29184 35020 35020 49441 29184 79408 11524 7759 49441 34499 2115 35020 35020 40210 34499 29184 40210 2115 35020 2115 7759 34499 35020 33762 34499 29184 11524 29184 29184 35020 29184 40210 79408 34499 33762 49441 33762 11524 7759 40210 33762 11524 11524 79408 49441 2115 49441 34499 29184 11524 2115 40210 
34499 29184 34499 40210 49441 33762 7759 7759 35020 34499 33762 40210 33762 40210 40210 40210 33762 49441 35020 33762 11524 40210 34499 29184 11524 49441 40210 35020 40210 2115 7759 29184 7759 11524 79408 29184 49441 29184 29184 33762 2115 29184 79408 29184 40210 7759 35020 49441 34499 33762 11524 7759 7759 29184 7759 34499 35020 29184 29184 40210 79408 49441 33762 35020 34499 35020 35020 79408 7759 40210 40210 79408 29184 34499 79408 7759 11524 7759 79408 11524 49441 33762 33762 7759 79408 49441 2115 33762 7759 29184 11524 34499 79408 35020 2115 79408 11524 2115 11524 35020 
49441 2115 79408 34499 34499 49441 29184 11524 35020 35020 33762 33762 33762 35020 7759 35020 33762 29184 35020 35020 2115 11524 7759 2115 34499 11524 79408 79408 34499 11524 34499 2115 2115 35020 2115 11524 11524 40210 49441 35020 11524 7759 40210 35020 11524 11524 2115 34499 11524 40210 2115 2115 34499 11524 34499 40210 29184 49441 2115 49441 34499 33762 7759 35020 79408 49441 7759 79408 29184 40210 79408 2115 2115 34499 79408 11524 40210 7759 40210 11524 11524 49441 34499 11524 79408 2115 33762 34499 40210 29184 29184 2115 49441 7759 35020 34499 49441 49441 49441 79408 
29184 7759 2115 35020 7759 34499 35020 35020 40210 33762 29184 79408 2115 35020 2115 35020 11524 40210 79408 2115 2115 79408 33762 40210 79408 29184 33762 40210 2115 79408 40210 2115 2115 49441 11524 35020 79408 29184 34499 79408 79408 33762 34499 34499 49441 34499 34499 79408 2115 7759 49441 33762 79408 7759 79408 40210 11524 11524 7759 35020 29184 33762 35020 35020 29184 7759 11524 79408 40210 7759 34499 7759 11524 35020 35020 34499 34499 40210 29184 29184 11524 7759 79408 40210 49441 34499 79408 29184 29184 2115 11524 7759 7759 2115 35020 29184 7759 49441 40210 11524 
79408 2115 79408 40210 79408 79408 11524 33762 11524 29184 2115 40210 49441 49441 35020 79408 35020 79408 49441 11524 35020 34499 29184 40210 35020 34499 35020 49441 7759 11524 11524 79408 40210 33762 33762 35020 34499 7759 35020 35020 7759 33762 35020 29184 11524 40210 49441 34499 2115 40210 11524 29184 11524 2115 11524 33762 29184 7759 34499 34499 79408 79408 33762 40210 33762 79408 40210 49441 34499 29184 34499 7759 40210 29184 33762 40210 34499 29184 11524 35020 2115 29184 29184 40210 79408 33762 79408 33762 79408 33762 2115 7759 29184 2115 11524 34499 2115 34499 33762 79408 
29184 33762 34499 33762 11524 2115 34499 11524 40210 7759 40210 29184 29184 35020 79408 49441 79408 79408 34499 40210 11524 33762 34499 11524 33762 79408 11524 33762 40210 79408 11524 33762 11524 79408 29184 34499 40210 79408 49441 49441 29184 79408 35020 7759 7759 34499 2115 2115 33762 29184 34499 49441 35020 35020 33762 34499 79408 49441 49441 34499 35020 29184 11524 35020 34499 11524 29184 34499 29184 34499 35020 34499 34499 11524 33762 11524 34499 34499 49441 11524 79408 7759 7759 79408 29184 35020 2115 2115 7759 2115 34499 40210 11524 35020 7759 11524 7759 34499 35020 40210 
11524 11524 40210 2115 34499 79408 11524 40210 35020 29184 79408 2115 7759 79408 2115 2115 79408 7759 11524 29184 40210 40210 2115 2115 40210 35020 49441 49441 49441 49441 79408 29184 11524 79408 35020 40210 11524 34499 40210 29184 29184 79408 34499 7759 40210 33762 7759 79408 34499 49441 49441 7759 2115 35020 49441 34499 40210 34499 29184 33762 2115 7759 34499 33762 49441 34499 7759 11524 2115 11524 40210 11524 11524 40210 49441 2115 29184 79408 40210 34499 40210 79408 35020 2115 35020 2115 2115 29184 35020 33762 2115 2115 40210 2115 79408 34499 34499 40210 2115 7759 
29184 2115 2115 35020 35020 35020 35020 11524 11524 49441 29184 29184 7759 35020 29184 33762 49441 29184 2115 7759 2115 2115 34499 79408 35020 49441 40210 34499 2115 49441 33762 33762 49441 11524 79408 2115 2115 33762 29184 49441 29184 11524 29184 33762 34499 34499 49441 11524 29184 35020 33762 40210 49441 49441 11524 7759 33762 49441 29184 11524 34499 7759 11524 7759 35020 2115 40210 33762 34499 40210 29184 79408 11524 49441 49441 34499 2115 7759 29184 35020 33762 33762 40210 49441 29184 7759 34499 33762 2115 35020 79408 40210 35020 35020 2115 35020 11524 7759 11524 11524 
49441 11524 33762 34499 49441 7759 29184 79408 34499 79408 40210 7759 2115 2115 79408 79408 35020 33762 33762 35020 7759 33762 33762 29184 29184 11524 34499 7759 35020 35020 33762 34499 33762 29184 34499 29184 35020 34499 29184 35020 11524 2115 29184 7759 29184 35020 79408 7759 79408 7759 49441 35020 33762 34499 33762 34499 49441 2115 79408 11524 79408 34499 79408 34499 34499 34499 40210 2115 35020 29184 34499 29184 49441 40210 79408 2115 7759 33762 35020 35020 7759 34499 11524 35020 11524 11524 11524 7759 29184 2115 7759 33762 40210 2115 40210 35020 7759 49441 33762 33762 
34499 34499 40210 34499 79408 79408 2115 33762 7759 79408 2115 2115 11524 33762 49441 2115 11524 29184 79408 11524 35020 2115 29184 29184 49441 33762 7759 49441 35020 2115 2115 33762 40210 34499 2115 40210 7759 29184 7759 11524 49441 11524 79408 34499 49441 34499 40210 7759 2115 49441 79408 2115 11524 7759 29184 35020 7759 79408 35020 49441 11524 2115 34499 11524 2115 7759 34499 34499 35020 33762 11524 79408 49441 35020 29184 40210 33762 33762 29184 11524 34499 49441 11524 40210 11524 49441 34499 40210 11524 49441 33762 29184 29184 79408 11524 33762 7759 79408 34499 35020 
79408 29184 34499 2115 79408 40210 2115 2115 35020 40210 34499 34499 79408 29184 49441 34499 2115 79408 33762 79408 11524 49441 29184 7759 33762 34499 49441 79408 33762 40210 7759 49441 11524 79408 2115 40210 34499 40210 35020 7759 33762 7759 79408 29184 49441 79408 2115 34499 29184 29184 2115 79408 11524 11524 33762 29184 33762 29184 29184 34499 49441 11524 33762 29184 49441 34499 79408 79408 33762 34499 49441 34499 79408 34499 79408 11524 40210 40210 11524 2115 11524 40210 29184 40210 79408 40210 35020 35020 34499 2115 35020 2115 79408 40210 34499 11524 79408 33762 33762 40210 
2115 35020 2115 11524 7759 49441 40210 34499 79408 49441 40210 35020 2115 79408 11524 35020 40210 49441 35020 11524 79408 34499 29184 11524 35020 29184 29184 40210 35020 34499 49441 11524 33762 11524 11524 35020 79408 34499 33762 7759 33762 49441 7759 79408 2115 79408 11524 2115 2115 2115 35020 2115 7759 35020 34499 79408 2115 33762 79408 35020 33762 11524 49441 11524 2115 11524 11524 2115 2115 11524 34499 7759 29184 7759 29184 79408 33762 34499 29184 35020 7759 11524 34499 40210 29184 35020 49441 33762 40210 29184 40210 49441 79408 33762 7759 7759 34499 34499 33762 49441 
40210 35020 11524 2115 7759 7759 33762 40210 29184 33762 34499 35020 29184 35020 34499 29184 79408 11524 79408 33762 34499 40210 2115 2115 40210 7759 34499 35020 33762 7759 2115 40210 7759 29184 35020 33762 79408 11524 34499 35020 2115 2115 49441 33762 29184 34499 11524 29184 7759 40210 33762 2115 35020 34499 7759 29184 33762 2115 11524 11524 79408 35020 33762 35020 7759 2115 35020 11524 35020 49441 49441 2115 35020 33762 49441 2115 40210 35020 11524 79408 49441 2115 79408 2115 49441 29184 35020 33762 34499 7759 49441 29184 35020 34499 29184 79408 35020 35020 11524 7759 
40210 35020 33762 34499 33762 34499 11524 79408 29184 49441 11524 7759 29184 2115 2115 34499 79408 34499 33762 11524 33762 34499 49441 35020 49441 34499 29184 49441 29184 29184 49441 79408 35020 29184 34499 2115 11524 11524 34499 7759 35020 34499 29184 40210 35020 35020 79408 79408 35020 79408 34499 11524 33762 11524 33762 79408 7759 49441 29184 29184 40210 49441 79408 35020 11524 33762 40210 79408 33762 40210 33762 40210 29184 79408 40210 34499 7759 79408 79408 29184 49441 40210 34499 79408 11524 33762 2115 35020 79408 2115 11524 79408 29184 11524 40210 29184 34499 2115 79408 79408 
35020 2115 35020 34499 49441 34499 49441 34499 11524 40210 40210 34499 34499 35020 2115 49441 2115 35020 40210 40210 40210 79408 79408 79408 33762 2115 40210 79408 7759 35020 34499 35020 49441 40210 40210 33762 79408 40210 79408 79408 40210 40210 11524 79408 79408 34499 34499 29184 35020 7759 7759 40210 2115 2115 34499 7759 40210 29184 49441 11524 40210 2115 40210 49441 49441 79408 35020 33762 35020 2115 79408 2115 35020 79408 2115 2115 34499 29184 11524 2115 11524 33762 7759 34499 49441 2115 33762 7759 7759 7759 29184 79408 35020 49441 29184 35020 79408 79408 2115 79408 
33762 2115 7759 2115 79408 79408 40210 35020 2115 79408 29184 49441 11524 7759 79408 11524 79408 29184 11524 29184 2115 29184 34499 34499 34499 35020 29184 34499 35020 11524 11524 11524 11524 2115 34499 33762 40210 35020 40210 29184 11524 29184 49441 2115 33762 29184 11524 79408 29184 11524 35020 35020 11524 49441 11524 7759 49441 7759 79408 79408 7759 35020 11524 7759 35020 40210 49441 49441 35020 2115 7759 2115 35020 40210 34499 29184 2115 2115 49441 33762 49441 79408 11524 2115 33762 11524 33762 34499 33762 35020 34499 2115 40210 2115 2115 49441 49441 34499 33762 7759 
35020 2115 34499 49441 79408 33762 7759 33762 7759 35020 79408 33762 11524 79408 29184 49441 35020 7759 2115 79408 49441 34499 34499 7759 11524 49441 35020 7759 7759 79408 79408 49441 2115 79408 11524 79408 49441 79408 35020 33762 11524 11524 7759 79408 29184 33762 79408 2115 79408 40210 49441 79408 79408 35020 33762 7759 49441 34499 40210 11524 11524 35020 49441 29184 33762 2115 40210 2115 29184 2115 35020 7759 49441 40210 11524 29184 2115 29184 35020 49441 11524 79408 34499 35020 11524 11524 2115 34499 49441 29184 2115 40210 79408 35020 49441 11524 40210 7759 29184 33762 
49441 79408 2115 11524 7759 33762 40210 33762 11524 29184 35020 7759 40210 7759 7759 29184 40210 49441 34499 35020 49441 40210 40210 79408 29184 40210 35020 35020 29184 33762 40210 40210 29184 33762 33762 33762 7759 79408 33762 49441 7759 11524 2115 34499 34499 11524 11524 35020 33762 33762 35020 2115 35020 2115 7759 35020 11524 2115 40210 35020 2115 49441 49441 29184 11524 29184 33762 7759 33762 49441 33762 79408 2115 7759 33762 7759 35020 11524 40210 2115 33762 2115 40210 11524 2115 29184 29184 49441 33762 11524 11524 33762 35020 79408 40210 34499 79408 49441 33762 33762 
7759 33762 7759 7759 11524 34499 49441 49441 11524 40210 35020 35020 7759 79408 2115 40210 79408 7759 49441 34499 40210 7759 40210 11524 79408 79408 49441 2115 33762 34499 40210 11524 40210 2115 2115 33762 35020 11524 11524 79408 33762 40210 7759 34499 34499 29184 49441 49441 2115 49441 7759 2115 40210 7759 34499 33762 11524 2115 29184 40210 11524 2115 29184 34499 35020 34499 40210 29184 35020 49441 49441 35020 11524 79408 29184 7759 11524 35020 79408 79408 34499 79408 2115 7759 7759 35020 7759 33762 35020 11524 34499 35020 49441 11524 29184 34499 49441 29184 11524 2115 
29184 7759 79408 79408 40210 7759 49441 11524 79408 35020 34499 40210 40210 49441 35020 79408 11524 29184 49441 7759 35020 29184 34499 35020 11524 2115 79408 29184 40210 29184 79408 34499 2115 11524 35020 11524 40210 11524 34499 49441 49441 7759 11524 35020 79408 79408 79408 7759 49441 11524 7759 79408 29184 11524 7759 2115 11524 40210 79408 29184 34499 34499 7759 11524 40210 40210 35020 79408 79408 33762 11524 7759 49441 11524 35020 2115 34499 2115 79408 29184 33762 2115 11524 35020 11524 79408 11524 79408 35020 35020 40210 40210 11524 49441 33762 40210 29184 49441 7759 79408 
29184 34499 2115 35020 33762 49441 2115 34499 11524 34499 29184 7759 49441 7759 79408 79408 35020 40210 79408 49441 7759 33762 7759 11524 49441 35020 29184 11524 7759 29184 29184 49441 34499 2115 79408 49441 11524 34499 11524 29184 79408 11524 40210 7759 29184 79408 11524 40210 2115 40210 29184 33762 2115 11524 40210 2115 11524 34499 33762 49441 49441 33762 11524 49441 7759 11524 35020 49441 35020 34499 11524 33762 34499 35020 2115 40210 7759 34499 34499 35020 7759 11524 35020 2115 33762 34499 7759 29184 11524 79408 29184 49441 11524 29184 33762 33762 29184 34499 7759 2115 
33762 49441 35020 11524 29184 79408 11524 34499 40210 11524 7759 11524 33762 29184 40210 49441 40210 29184 49441 7759 29184 7759 33762 79408 7759 7759 49441 33762 11524 33762 35020 33762 11524 35020 35020 49441 29184 29184 11524 40210 34499 29184 29184 79408 34499 35020 40210 40210 29184 11524 40210 11524 40210 79408 33762 11524 11524 79408 29184 40210 34499 49441 2115 49441 7759 79408 11524 35020 35020 29184 40210 49441 29184 49441 2115 11524 33762 11524 2115 34499 2115 35020 29184 49441 2115 2115 40210 2115 7759 7759 35020 11524 2115 7759 34499 7759 7759 33762 34499 34499 
49441 35020 7759 35020 79408 2115 11524 79408 33762 2115 7759 7759 35020 34499 29184 40210 40210 35020 11524 33762 35020 29184 40210 79408 35020 11524 2115 49441 35020 11524 35020 35020 29184 49441 29184 29184 11524 34499 40210 34499 49441 2115 40210 2115 33762 40210 2115 11524 35020 2115 7759 7759 11524 2115 34499 40210 2115 11524 11524 7759 40210 7759 49441 35020 2115 7759 40210 49441 35020 33762 49441 33762 79408 35020 35020 33762 33762 33762 2115 11524 49441 7759 33762 40210 40210 11524 40210 7759 29184 79408 2115 2115 29184 29184 34499 40210 29184 40210 11524 49441 
34499 79408 29184 35020 2115 49441 34499 33762 35020 35020 35020 29184 11524 34499 33762 7759 29184 79408 49441 11524 79408 49441 33762 79408 35020 40210 79408 35020 33762 40210 49441 79408 40210 79408 49441 34499 40210 79408 2115 40210 49441 11524 34499 35020 40210 7759 7759 11524 79408 2115 7759 29184 7759 29184 29184 49441 7759 79408 33762 49441 34499 33762 49441 11524 79408 2115 2115 11524 33762 34499 40210 7759 35020 2115 49441 34499 79408 34499 2115 11524 7759 7759 40210 11524 34499 2115 29184 11524 2115 7759 2115 34499 79408 79408 7759 7759 33762 33762 2115 79408 
79408 49441 49441 49441 34499 79408 34499 49441 29184 29184 34499 49441 35020 40210 7759 33762 34499 33762 79408 33762 29184 49441 79408 29184 7759 34499 79408 7759 35020 29184 2115 33762 7759 35020 49441 7759 2115 7759 35020 33762 7759 79408 34499 7759 33762 40210 11524 2115 11524 2115 2115 34499 33762 79408 29184 29184 35020 79408 29184 33762 34499 11524 2115 34499 34499 11524 35020 35020 40210 2115 29184 35020 2115 2115 29184 2115 79408 29184 35020 33762 29184 40210 79408 35020 79408 49441 79408 40210 33762 40210 34499 79408 34499 79408 35020 79408 79408 49441 79408 34499 
49441 29184 49441 7759 2115 49441 35020 40210 34499 2115 33762 33762 7759 40210 79408 35020 49441 40210 79408 2115 79408 79408 33762 79408 35020 49441 7759 7759 2115 29184 35020 2115 49441 49441 34499 35020 29184 79408 49441 11524 11524 33762 34499 33762 40210 35020 40210 7759 79408 33762 11524 2115 79408 29184 40210 11524 34499 34499 49441 33762 35020 34499 7759 79408 35020 49441 49441 11524 29184 34499 11524 79408 35020 7759 79408 49441 40210 2115 34499 7759 40210 29184 29184 7759 11524 29184 33762 35020 35020 29184 34499 35020 40210 34499 79408 7759 79408 79408 35020 34499 
49441 40210 49441 11524 2115 79408 49441 79408 40210 79408 35020 49441 49441 7759 49441 11524 29184 33762 40210 7759 2115 79408 34499 2115 49441 79408 40210 35020 49441 11524 49441 79408 49441 11524 33762 79408 79408 29184 35020 29184 40210 49441 79408 29184 79408 33762 33762 7759 35020 7759 49441 33762 7759 7759 11524 35020 33762 79408 33762 79408 7759 49441 79408 79408 11524 79408 40210 79408 34499 29184 79408 29184 11524 2115 49441 11524 29184 11524 7759 33762 49441 11524 34499 40210 40210 79408 2115 40210 7759 2115 7759 49441 11524 40210 79408 11524 35020 33762 33762 35020 
7759 29184 11524 33762 33762 2115 40210 35020 11524 29184 79408 33762 34499 33762 79408 34499 79408 34499 11524 35020 49441 33762 2115 35020 79408 79408 33762 40210 49441 35020 29184 7759 79408 49441 79408 49441 2115 2115 7759 2115 33762 7759 35020 35020 11524 34499 34499 7759 7759 49441 49441 33762 49441 40210 2115 2115 7759 11524 11524 79408 40210 29184 2115 40210 49441 35020 35020 2115 7759 34499 33762 40210 33762 79408 34499 2115 49441 29184 29184 34499 35020 33762 33762 49441 35020 7759 2115 2115 7759 33762 79408 29184 7759 35020 49441 49441 49441 34499 7759 40210 
7759 49441 35020 34499 40210 33762 11524 7759 35020 11524 29184 11524 35020 79408 29184 7759 11524 35020 33762 11524 40210 34499 2115 79408 33762 40210 11524 33762 29184 40210 35020 7759 7759 34499 33762 35020 29184 29184 29184 7759 2115 29184 35020 49441 34499 29184 40210 2115 35020 33762 11524 7759 35020 40210 11524 34499 40210 29184 7759 34499 2115 29184 79408 33762 79408 34499 35020 34499 33762 29184 2115 7759 2115 34499 33762 35020 35020 79408 33762 40210 2115 34499 40210 29184 7759 2115 79408 11524 2115 34499 33762 35020 2115 2115 34499 33762 7759 35020 2115 29184 
11524 79408 49441 35020 34499 33762 7759 29184 29184 29184 49441 2115 40210 35020 34499 7759 35020 49441 33762 49441 35020 11524 79408 40210 2115 79408 79408 7759 7759 49441 33762 34499 33762 29184 2115 33762 11524 35020 29184 34499 40210 11524 2115 40210 79408 2115 34499 11524 40210 79408 35020 79408 33762 2115 40210 29184 11524 35020 79408 2115 35020 33762 7759 33762 33762 49441 40210 7759 29184 7759 11524 79408 34499 33762 29184 11524 40210 40210 40210 79408 7759 33762 34499 79408 11524 49441 40210 7759 34499 7759 11524 11524 49441 40210 33762 29184 11524 33762 33762 35020 
11524 34499 29184 2115 79408 35020 29184 11524 49441 7759 29184 49441 7759 29184 34499 35020 40210 40210 79408 33762 34499 35020 33762 34499 29184 49441 33762 11524 11524 11524 11524 2115 40210 49441 2115 79408 2115 33762 79408 79408 2115 79408 2115 49441 33762 49441 2115 79408 2115 34499 7759 2115 7759 79408 11524 35020 34499 79408 79408 29184 29184 35020 34499 40210 49441 40210 29184 7759 29184 29184 2115 34499 79408 35020 49441 11524 34499 7759 79408 40210 11524 79408 2115 49441 7759 33762 35020 7759 40210 7759 35020 2115 35020 34499 7759 33762 7759 49441 40210 40210 
79408 7759 2115 79408 2115 11524 11524 40210 11524 40210 11524 11524 11524 79408 79408 34499 79408 11524 2115 35020 49441 49441 29184 29184 40210 7759 29184 7759 7759 79408 34499 7759 49441 29184 2115 79408 34499 40210 49441 7759 29184 7759 7759 33762 35020 7759 7759 40210 29184 11524 33762 34499 35020 35020 7759 34499 33762 79408 29184 29184 40210 49441 33762 40210 35020 7759 11524 2115 40210 40210 34499 35020 7759 35020 79408 33762 40210 33762 40210 7759 79408 11524 2115 35020 11524 11524 40210 7759 79408 35020 33762 34499 79408 33762 34499 79408 34499 40210 7759 79408 
33762 79408 7759 40210 79408 29184 33762 2115 2115 35020 2115 35020 79408 11524 35020 2115 29184 29184 40210 40210 34499 2115 29184 11524 34499 49441 35020 33762 2115 40210 11524 7759 79408 33762 49441 35020 40210 29184 29184 11524 40210 35020 29184 2115 34499 2115 7759 33762 34499 49441 2115 40210 40210 33762 49441 79408 29184 79408 11524 29184 11524 35020 35020 34499 49441 49441 29184 33762 40210 79408 35020 7759 79408 40210 11524 49441 40210 29184 7759 2115 79408 11524 40210 49441 2115 34499 79408 49441 29184 33762 79408 34499 40210 35020 34499 79408 11524 33762 33762 40210 
40210 7759 40210 2115 34499 40210 11524 33762 49441 49441 29184 35020 49441 34499 79408 79408 79408 11524 40210 7759 7759 7759 11524 49441 40210 35020 2115 40210 33762 11524 49441 29184 29184 49441 34499 7759 34499 29184 29184 35020 2115 11524 11524 7759 49441 2115 49441 34499 79408 33762 40210 33762 34499 2115 35020 34499 2115 40210 7759 7759 7759 79408 29184 33762 29184 35020 11524 33762 49441 7759 29184 2115 2115 29184 49441 7759 11524 29184 7759 40210 35020 35020 35020 7759 7759 11524 40210 79408 2115 11524 33762 33762 29184 49441 35020 33762 34499 35020 79408 7759 
35020 34499 40210 35020 11524 79408 34499 11524 34499 33762 7759 2115 79408 79408 11524 33762 2115 29184 79408 40210 33762 49441 33762 33762 7759 35020 33762 7759 2115 29184 29184 11524 79408 34499 33762 2115 40210 7759 79408 34499 49441 79408 34499 79408 33762 2115 34499 35020 33762 34499 49441 11524 49441 11524 11524 2115 29184 40210 40210 29184 79408 33762 79408 2115 40210 40210 7759 7759 79408 49441 40210 7759 49441 29184 11524 49441 2115 34499 79408 49441 34499 7759 49441 11524 79408 79408 40210 79408 34499 35020 49441 7759 34499 33762 34499 7759 11524 40210 79408 49441 
35020 34499 34499 2115 35020 2115 49441 34499 7759 33762 11524 34499 33762 29184 79408 34499 2115 34499 11524 34499 7759 29184 49441 2115 40210 11524 40210 11524 79408 33762 2115 35020 33762 29184 2115 40210 49441 49441 7759 2115 79408 79408 35020 2115 11524 33762 49441 7759 33762 40210 29184 33762 49441 34499 29184 34499 2115 29184 34499 7759 40210 11524 49441 40210 40210 49441 11524 79408 11524 11524 11524 7759 79408 29184 35020 79408 34499 49441 11524 33762 35020 2115 34499 33762 40210 2115 29184 33762 7759 11524 33762 35020 2115 29184 40210 2115 2115 40210 49441 34499 
29184 11524 29184 34499 33762 49441 7759 7759 33762 49441 2115 49441 49441 2115 49441 35020 49441 29184 34499 11524 7759 79408 35020 11524 40210 29184 49441 29184 79408 2115 34499 79408 49441 79408 33762 2115 2115 49441 40210 79408 29184 2115 2115 29184 29184 49441 35020 29184 40210 34499 2115 2115 2115 33762 7759 29184 34499 33762 7759 35020 34499 40210 49441 49441 2115 7759 7759 35020 33762 11524 40210 7759 35020 34499 40210 11524 33762 40210 2115 40210 35020 33762 33762 79408 2115 33762 34499 35020 35020 79408 49441 34499 33762 29184 49441 11524 2115 11524 7759 79408 
34499 40210 2115 7759 49441 2115 29184 40210 29184 29184 2115 49441 35020 79408 7759 40210 49441 49441 7759 40210 29184 7759 79408 49441 33762 33762 34499 11524 33762 79408 2115 35020 34499 2115 35020 33762 29184 49441 34499 79408 49441 7759 34499 35020 49441 7759 29184 2115 11524 35020 49441 40210 2115 29184 40210 35020 34499 40210 11524 35020 29184 29184 29184 79408 40210 40210 35020 34499 11524 2115 35020 29184 11524 40210 7759 35020 2115 7759 29184 40210 29184 79408 29184 11524 33762 79408 33762 34499 2115 33762 11524 7759 40210 40210 11524 35020 33762 49441 35020 11524 
34499 29184 33762 29184 2115 29184 79408 34499 2115 40210 79408 79408 49441 40210 7759 40210 34499 2115 29184 79408 29184 33762 40210 35020 33762 35020 79408 29184 34499 7759 2115 11524 33762 40210 34499 29184 35020 11524 35020 34499 33762 35020 7759 79408 79408 79408 33762 40210 40210 2115 35020 40210 49441 35020 7759 29184 35020 29184 29184 7759 40210 2115 34499 40210 11524 35020 40210 2115 7759 33762 49441 33762 29184 49441 40210 7759 49441 49441 2115 35020 2115 33762 2115 35020 35020 35020 35020 7759 2115 79408 2115 40210 29184 29184 29184 2115 40210 49441 11524 33762 
40210 79408 2115 2115 29184 49441 2115 29184 79408 7759 35020 49441 34499 2115 7759 40210 29184 2115 29184 79408 35020 79408 35020 11524 49441 11524 40210 49441 49441 35020 35020 2115 7759 79408 33762 33762 7759 2115 49441 7759 11524 11524 34499 34499 35020 79408 49441 40210 49441 33762 2115 2115 35020 33762 40210 49441 49441 11524 34499 79408 11524 11524 35020 7759 2115 40210 79408 2115 33762 49441 11524 2115 34499 35020 79408 11524 11524 29184 29184 79408 79408 34499 34499 35020 29184 2115 11524 2115 29184 40210 35020 49441 34499 79408 35020 34499 79408 34499 29184 33762 
11524 11524 7759 11524 11524 7759 40210 33762 33762 34499 79408 35020 40210 7759 7759 34499 11524 29184 49441 2115 2115 33762 33762 33762 33762 49441 34499 11524 11524 34499 40210 29184 34499 35020 29184 34499 35020 49441 33762 79408 33762 34499 34499 7759 7759 79408 34499 29184 7759 40210 33762 11524 2115 7759 7759 11524 2115 34499 29184 11524 40210 35020 29184 33762 79408 35020 7759 7759 7759 11524 2115 11524 7759 7759 29184 49441 33762 11524 29184 40210 40210 11524 11524 40210 40210 11524 2115 2115 29184 79408 35020 11524 49441 35020 79408 2115 34499 35020 34499 49441 
29184 40210 29184 11524 35020 49441 79408 11524 40210 49441 11524 34499 11524 49441 40210 11524 7759 29184 33762 7759 33762 7759 79408 40210 79408 7759 11524 35020 11524 29184 34499 11524 7759 29184 40210 2115 35020 7759 40210 11524 35020 34499 40210 29184 35020 11524 2115 79408 2115 33762 35020 34499 33762 49441 49441 34499 40210 35020 40210 34499 35020 11524 40210 79408 49441 2115 49441 2115 79408 33762 79408 35020 11524 2115 11524 7759 29184 49441 49441 7759 33762 7759 7759 49441 11524 7759 34499 49441 49441 11524 33762 11524 34499 49441 40210 7759 2115 2115 29184 11524 
35020 35020 2115 2115 29184 2115 11524 40210 34499 7759 2115 35020 29184 2115 79408 2115 40210 29184 40210 11524 33762 11524 2115 11524 7759 34499 34499 2115 7759 2115 2115 35020 34499 49441 35020 49441 2115 49441 11524 7759 49441 7759 79408 40210 7759 7759 2115 2115 35020 35020 2115 33762 49441 79408 49441 35020 49441 2115 33762 34499 11524 7759 2115 79408 79408 40210 49441 40210 33762 2115 2115 79408 40210 49441 35020 33762 79408 11524 29184 2115 34499 7759 49441 33762 35020 2115 49441 33762 49441 7759 40210 7759 40210 33762 7759 34499 79408 11524 79408 49441 
7759 2115 29184 49441 34499 35020 29184 35020 29184 33762 34499 33762 79408 2115 49441 34499 7759 35020 49441 35020 35020 49441 40210 33762 79408 29184 79408 40210 29184 2115 49441 40210 79408 33762 40210 7759 35020 35020 79408 34499 33762 40210 79408 2115 7759 49441 34499 49441 40210 11524 49441 34499 33762 29184 7759 7759 11524 49441 40210 2115 40210 7759 34499 40210 79408 29184 33762 40210 7759 7759 34499 2115 2115 34499 49441 35020 40210 7759 35020 79408 49441 40210 34499 33762 7759 2115 34499 7759 29184 29184 29184 33762 79408 2115 7759 34499 7759 33762 2115 29184 
35020 29184 49441 33762 35020 7759 49441 49441 7759 33762 2115 79408 35020 49441 35020 29184 79408 33762 35020 35020 49441 79408 2115 11524 40210 11524 40210 49441 29184 40210 7759 40210 29184 40210 40210 40210 49441 40210 33762 35020 49441 79408 40210 34499 40210 29184 79408 11524 34499 2115 33762 79408 49441 29184 34499 35020 35020 35020 2115 33762 2115 2115 2115 34499 2115 35020 35020 2115 7759 40210 33762 33762 40210 35020 29184 29184 49441 35020 2115 2115 40210 40210 79408 79408 11524 79408 34499 40210 11524 40210 79408 2115 35020 11524 35020 33762 49441 79408 49441 29184 
34499 40210 33762 33762 40210 29184 29184 34499 79408 34499 35020 29184 49441 29184 79408 49441 40210 11524 49441 79408 11524 33762 40210 33762 34499 33762 49441 49441 49441 79408 79408 79408 34499 33762 33762 79408 29184 2115 11524 35020 34499 49441 34499 2115 29184 11524 2115 40210 29184 79408 79408 7759 11524 33762 11524 7759 7759 29184 7759 34499 11524 35020 34499 33762 11524 49441 7759 35020 11524 29184 49441 49441 2115 33762 49441 34499 33762 29184 11524 7759 11524 7759 29184 33762 11524 79408 29184 49441 29184 34499 7759 7759 79408 49441 11524 40210 49441 49441 79408 7759 
11524 11524 2115 34499 34499 49441 29184 49441 2115 79408 49441 33762 11524 33762 7759 79408 33762 79408 79408 11524 40210 40210 79408 40210 11524 34499 2115 35020 11524 11524 79408 7759 79408 29184 7759 11524 7759 79408 29184 49441 35020 40210 40210 29184 2115 7759 2115 40210 40210 35020 2115 29184 79408 29184 35020 79408 7759 40210 35020 49441 2115 29184 7759 79408 35020 33762 29184 33762 34499 11524 35020 79408 29184 34499 2115 2115 29184 11524 29184 79408 34499 29184 2115 34499 79408 79408 2115 33762 11524 34499 33762 35020 29184 35020 79408 7759 2115 7759 33762 11524 
2115 35020 34499 49441 7759 35020 29184 11524 7759 33762 33762 7759 40210 11524 35020 49441 33762 34499 35020 79408 7759 29184 11524 40210 7759 11524 11524 11524 35020 34499 2115 49441 29184 35020 49441 40210 49441 11524 35020 79408 49441 35020 35020 34499 33762 49441 79408 79408 2115 7759 11524 29184 35020 35020 79408 2115 11524 2115 29184 33762 79408 11524 7759 49441 40210 7759 49441 79408 79408 79408 7759 49441 34499 49441 2115 11524 40210 7759 40210 40210 7759 29184 33762 49441 35020 79408 7759 2115 40210 79408 40210 2115 34499 2115 11524 40210 40210 40210 49441 34499 
29184 49441 34499 33762 34499 2115 29184 34499 7759 2115 49441 49441 11524 33762 11524 33762 33762 2115 40210 35020 35020 40210 11524 49441 7759 7759 34499 2115 40210 7759 7759 29184 29184 29184 2115 11524 40210 7759 11524 79408 79408 29184 11524 29184 29184 7759 11524 33762 29184 29184 40210 35020 40210 11524 40210 34499 11524 34499 7759 79408 2115 11524 34499 7759 2115 7759 29184 7759 35020 35020 40210 49441 40210 79408 29184 49441 2115 33762 40210 34499 29184 79408 40210 49441 33762 29184 2115 33762 35020 35020 33762 29184 11524 34499 35020 2115 49441 29184 40210 2115 
34499 2115 29184 35020 11524 35020 79408 2115 2115 35020 2115 40210 35020 49441 7759 79408 33762 33762 2115 7759 79408 79408 34499 40210 40210 2115 2115 35020 40210 79408 49441 33762 79408 79408 7759 2115 40210 40210 7759 35020 34499 40210 7759 40210 34499 35020 34499 79408 49441 7759 79408 35020 34499 2115 79408 11524 79408 29184 11524 11524 79408 34499 49441 2115 79408 35020 40210 29184 2115 11524 11524 11524 29184 49441 11524 2115 35020 7759 40210 7759 2115 40210 33762 34499 2115 34499 33762 34499 79408 35020 2115 7759 35020 33762 2115 11524 11524 2115 33762 29184 
35020 34499 2115 29184 7759 33762 29184 79408 29184 79408 29184 35020 2115 79408 29184 49441 40210 7759 34499 11524 7759 29184 40210 40210 33762 7759 40210 11524 49441 79408 79408 40210 7759 40210 49441 29184 7759 33762 34499 49441 35020 11524 40210 2115 79408 7759 7759 35020 49441 49441 40210 29184 34499 2115 35020 79408 11524 49441 7759 11524 40210 34499 34499 34499 7759 7759 49441 33762 40210 11524 29184 34499 7759 35020 40210 79408 7759 11524 79408 40210 29184 7759 2115 40210 49441 7759 49441 2115 35020 49441 33762 29184 2115 7759 33762 79408 79408 2115 11524 79408 
2115 2115 34499 7759 34499 40210 34499 33762 33762 40210 79408 33762 11524 49441 40210 79408 49441 7759 34499 29184 49441 49441 49441 33762 29184 7759 34499 79408 35020 2115 2115 7759 40210 11524 7759 7759 40210 35020 40210 7759 29184 7759 35020 33762 35020 35020 11524 11524 34499 35020 40210 40210 7759 79408 29184 35020 11524 49441 40210 2115 2115 11524 29184 49441 2115 40210 34499 29184 2115 2115 33762 2115 11524 29184 35020 29184 33762 29184 29184 29184 2115 79408 34499 49441 29184 2115 11524 29184 29184 79408 29184 2115 34499 33762 35020 49441 2115 33762 29184 7759 
35020 11524 11524 79408 33762 35020 49441 2115 40210 7759 49441 2115 33762 7759 35020 2115 29184 40210 7759 33762 29184 2115 29184 7759 11524 7759 79408 7759 2115 35020 35020 2115 79408 35020 34499 2115 40210 33762 33762 79408 34499 40210 2115 35020 2115 11524 7759 7759 49441 49441 7759 29184 40210 7759 2115 7759 33762 11524 40210 40210 33762 33762 35020 2115 2115 33762 33762 40210 40210 34499 29184 49441 40210 40210 2115 7759 7759 34499 2115 34499 79408 35020 29184 79408 11524 11524 34499 40210 79408 7759 2115 79408 33762 33762 29184 35020 35020 79408 49441 2115 
34499 49441 7759 29184 79408 79408 40210 29184 34499 35020 40210 29184 40210 49441 35020 35020 7759 7759 35020 79408 2115 7759 2115 33762 40210 29184 29184 34499 33762 7759 2115 40210 35020 49441 40210 49441 11524 29184 35020 40210 79408 11524 34499 34499 40210 34499 40210 2115 11524 79408 40210 11524 49441 40210 7759 34499 11524 2115 35020 11524 49441 35020 79408 40210 33762 79408 40210 33762 49441 2115 2115 33762 2115 35020 7759 33762 34499 7759 34499 40210 79408 34499 35020 34499 34499 2115 49441 2115 33762 79408 49441 29184 33762 7759 33762 33762 33762 2115 2115 35020 
40210 29184 11524 79408 35020 11524 40210 79408 11524 11524 7759 33762 40210 33762 2115 79408 49441 35020 29184 2115 29184 11524 79408 79408 49441 40210 7759 40210 7759 29184 29184 34499 35020 79408 33762 79408 11524 29184 11524 49441 33762 40210 29184 7759 35020 11524 7759 49441 79408 34499 33762 40210 40210 40210 49441 7759 79408 79408 79408 7759 34499 35020 79408 29184 29184 34499 29184 11524 49441 7759 40210 11524 34499 49441 35020 35020 11524 29184 35020 34499 33762 7759 2115 29184 35020 11524 7759 40210 49441 35020 29184 11524 79408 34499 11524 33762 33762 11524 40210 40210 
40210 2115 29184 29184 40210 7759 34499 34499 33762 7759 29184 2115 35020 40210 79408 7759 79408 29184 33762 33762 35020 29184 40210 79408 2115 79408 11524 79408 40210 49441 29184 2115 7759 29184 79408 2115 2115 33762 7759 40210 29184 2115 35020 49441 49441 40210 79408 33762 40210 49441 79408 11524 7759 33762 49441 11524 33762 7759 40210 2115 40210 34499 49441 40210 11524 2115 33762 11524 35020 2115 11524 2115 79408 40210 2115 33762 49441 33762 11524 29184 29184 34499 34499 29184 2115 33762 34499 2115 29184 29184 35020 29184 7759 33762 35020 33762 40210 35020 2115 49441 
35020 34499 34499 29184 33762 33762 35020 35020 29184 35020 2115 7759 7759 79408 2115 34499 11524 11524 79408 79408 40210 7759 49441 35020 7759 49441 40210 7759 29184 35020 34499 79408 7759 29184 79408 11524 7759 34499 35020 7759 34499 2115 2115 40210 35020 34499 33762 79408 40210 49441 49441 29184 49441 35020 33762 49441 33762 49441 11524 11524 29184 49441 79408 33762 7759 29184 2115 11524 11524 2115 49441 29184 7759 7759 34499 49441 33762 7759 34499 40210 40210 79408 34499 11524 2115 11524 40210 40210 11524 33762 79408 7759 79408 35020 33762 49441 79408 33762 11524 29184 
79408 2115 29184 49441 2115 29184 79408 40210 2115 7759 33762 2115 11524 33762 11524 2115 40210 29184 34499 7759 35020 33762 29184 34499 11524 34499 2115 34499 33762 34499 79408 34499 49441 40210 7759 49441 33762 33762 7759 49441 40210 79408 35020 7759 35020 34499 79408 7759 34499 7759 79408 7759 33762 2115 34499 29184 35020 11524 2115 79408 34499 34499 40210 35020 29184 33762 79408 33762 79408 34499 2115 33762 7759 49441 11524 11524 2115 2115 11524 40210 35020 35020 7759 11524 79408 79408 33762 11524 29184 29184 49441 29184 7759 33762 34499 49441 34499 33762 7759 11524 
35020 7759 40210 35020 7759 33762 29184 7759 7759 35020 29184 2115 33762 49441 33762 79408 35020 11524 35020 35020 29184 35020 79408 34499 79408 79408 79408 40210 33762 29184 11524 49441 11524 35020 35020 79408 79408 40210 11524 29184 2115 33762 29184 49441 40210 34499 33762 29184 35020 35020 40210 33762 7759 40210 2115 7759 35020 33762 7759 2115 11524 34499 33762 29184 29184 11524 33762 33762 40210 7759 40210 40210 49441 49441 7759 35020 49441 7759 7759 7759 34499 40210 49441 2115 35020 35020 35020 7759 33762 29184 79408 49441 11524 34499 34499 7759 40210 79408 2115 33762 
2115 11524 35020 35020 34499 79408 2115 7759 35020 11524 40210 79408 40210 35020 40210 2115 2115 2115 49441 11524 79408 40210 11524 11524 34499 79408 49441 34499 33762 11524 33762 34499 33762 49441 40210 79408 35020 11524 49441 34499 11524 40210 79408 11524 11524 33762 35020 7759 33762 33762 49441 40210 29184 79408 11524 33762 79408 34499 11524 34499 79408 11524 29184 7759 29184 11524 35020 40210 7759 40210 11524 49441 2115 49441 34499 49441 33762 40210 35020 11524 2115 40210 34499 33762 79408 79408 40210 35020 34499 11524 7759 11524 49441 33762 35020 35020 2115 11524 11524 34499 
