100 64
1573338624 497646864 7605668592 7054336557 302978888 7605668592 3533734912 3486057984 219534840 1913825628 602211600 134896476 3486057984 3486057984 442182888 2269851840 134896476 1102639824 1102639824 767486286 4634419584 1834319916 2063400768 2063400768 302978888 4974198784 448230384 2510410816 1117720032 3486057984 6050667648 6050667648 7935324336 4974198784 630943488 199567368 1913825628 4064316156 1212963120 559323312 2063400768 7054336557 497226669 3533734912 426482816 767486286 219534840 2443127184 7054336557 518778177 8555510016 4119901608 1117720032 547438320 134896476 2476540512 8555510016 2017850580 559323312 1573338624 2443127184 134896476 4634419584 6761279529 134896476 4571892288 442182888 426482816 4119901608 735602742 4119901608 3533734912 2063400768 4298472264 426482816 2476540512 448230384 1117720032 7605668592 1573338624 7935324336 767486286 1102639824 1834319916 4240477548 4119901608 4298472264 497646864 4119901608 767486286 2063400768 6761279529 7054336557 1212963120 1229552160 442182888 1212963120 448230384 4119901608 552144410959987 
82227 92496 6047 22308 50104 70528 92496 85791 49428 24540 82227 6047 82227 92496 49428 85791 92496 8946 49428 22308 82227 85791 70528 24540 49428 6047 92496 82227 92496 8946 85791 82227 82227 6047 8946 8946 49428 50104 24540 8946 92496 92496 82227 92496 82227 85791 49428 85791 6047 24540 24540 82227 24540 70528 50104 49428 70528 24540 70528 70528 50104 85791 49428 85791 92496 82227 70528 6047 85791 24540 85791 24540 8946 8946 24540 85791 50104 8946 6047 82227 49428 8946 50104 50104 50104 22308 24540 85791 22308 22308 8946 22308 70528 92496 92496 85791 70528 49428 85791 50104 
8946 22308 22308 82227 50104 8946 24540 82227 49428 22308 85791 70528 8946 6047 49428 49428 70528 49428 82227 82227 49428 50104 50104 92496 24540 92496 24540 92496 22308 82227 24540 82227 6047 82227 85791 6047 6047 82227 92496 70528 24540 8946 70528 85791 6047 82227 92496 50104 8946 50104 85791 49428 49428 24540 70528 85791 8946 70528 49428 8946 22308 50104 70528 22308 82227 24540 8946 85791 24540 22308 82227 92496 85791 85791 92496 82227 22308 50104 85791 85791 82227 49428 6047 70528 85791 85791 50104 70528 82227 50104 6047 85791 22308 22308 82227 50104 92496 8946 50104 49428 
6047 49428 22308 24540 22308 24540 50104 6047 24540 24540 82227 82227 8946 24540 49428 8946 92496 82227 92496 82227 50104 6047 92496 6047 8946 50104 85791 92496 8946 6047 50104 6047 92496 70528 82227 85791 92496 6047 92496 85791 92496 85791 24540 22308 82227 24540 82227 92496 22308 70528 22308 82227 49428 50104 6047 6047 82227 85791 92496 70528 85791 24540 6047 92496 82227 22308 49428 82227 22308 50104 70528 6047 50104 49428 82227 22308 85791 49428 82227 6047 85791 85791 70528 85791 70528 6047 22308 70528 50104 92496 24540 85791 70528 22308 24540 70528 49428 6047 70528 92496 
85791 70528 82227 6047 82227 92496 22308 70528 85791 70528 92496 70528 24540 24540 82227 50104 70528 92496 24540 50104 85791 49428 8946 50104 24540 6047 85791 8946 49428 70528 8946 85791 8946 8946 82227 92496 22308 82227 50104 49428 50104 49428 50104 82227 49428 8946 82227 92496 22308 8946 8946 85791 49428 8946 22308 92496 49428 70528 8946 24540 6047 6047 22308 24540 49428 92496 82227 50104 22308 82227 22308 85791 22308 24540 70528 70528 6047 82227 24540 92496 82227 85791 6047 8946 92496 82227 49428 85791 24540 6047 92496 92496 92496 6047 82227 82227 85791 22308 85791 24540 
6047 24540 50104 24540 50104 49428 92496 49428 70528 24540 92496 50104 24540 70528 49428 92496 6047 6047 82227 85791 85791 49428 22308 70528 6047 92496 70528 92496 24540 85791 85791 92496 6047 82227 50104 92496 50104 8946 22308 24540 85791 24540 6047 85791 6047 49428 22308 70528 70528 85791 92496 82227 85791 6047 50104 22308 6047 22308 8946 49428 50104 50104 24540 8946 70528 8946 82227 6047 22308 24540 85791 6047 82227 22308 92496 49428 70528 92496 70528 8946 85791 24540 24540 92496 49428 82227 92496 70528 6047 85791 24540 70528 8946 49428 6047 22308 8946 92496 49428 85791 
85791 22308 85791 22308 85791 50104 50104 8946 92496 22308 6047 50104 24540 85791 50104 22308 49428 24540 8946 22308 8946 24540 49428 24540 24540 49428 85791 22308 6047 82227 8946 70528 8946 85791 50104 92496 8946 49428 8946 85791 8946 70528 92496 70528 24540 82227 92496 8946 70528 8946 70528 92496 82227 8946 8946 8946 50104 70528 6047 92496 82227 70528 24540 22308 22308 24540 50104 49428 70528 24540 50104 92496 8946 85791 70528 82227 8946 85791 49428 24540 50104 50104 82227 82227 82227 85791 70528 6047 92496 49428 6047 82227 6047 6047 24540 50104 50104 8946 70528 70528 
82227 85791 70528 49428 82227 49428 8946 22308 70528 8946 8946 70528 22308 24540 22308 49428 85791 70528 82227 24540 49428 6047 8946 24540 49428 22308 49428 24540 82227 22308 6047 70528 92496 49428 6047 70528 70528 85791 8946 6047 85791 92496 50104 82227 22308 85791 82227 22308 49428 70528 22308 24540 49428 8946 70528 50104 85791 70528 70528 70528 92496 92496 92496 92496 22308 92496 92496 49428 8946 92496 8946 49428 6047 50104 49428 50104 85791 6047 22308 8946 8946 8946 49428 82227 8946 22308 82227 92496 82227 6047 50104 50104 49428 85791 70528 92496 85791 24540 50104 85791 
8946 49428 70528 92496 85791 24540 8946 49428 85791 6047 82227 24540 85791 50104 6047 22308 50104 22308 92496 22308 50104 82227 82227 22308 6047 85791 8946 50104 8946 8946 6047 82227 8946 50104 50104 6047 8946 82227 70528 22308 50104 8946 6047 92496 24540 82227 22308 6047 49428 8946 92496 24540 82227 85791 24540 24540 8946 22308 85791 85791 50104 22308 50104 8946 49428 50104 49428 49428 70528 85791 24540 22308 22308 85791 92496 82227 50104 85791 85791 24540 22308 8946 6047 49428 22308 22308 8946 92496 49428 8946 6047 8946 82227 8946 50104 82227 8946 24540 70528 92496 
50104 50104 82227 82227 6047 6047 24540 82227 85791 82227 22308 22308 85791 70528 70528 50104 50104 82227 6047 24540 8946 6047 70528 22308 85791 70528 82227 49428 70528 24540 6047 50104 70528 8946 22308 82227 50104 70528 24540 82227 22308 24540 6047 50104 70528 70528 70528 49428 24540 50104 70528 70528 24540 92496 6047 8946 82227 70528 8946 82227 22308 8946 82227 92496 70528 50104 24540 92496 70528 22308 82227 49428 24540 85791 85791 49428 50104 49428 6047 92496 22308 92496 24540 49428 85791 22308 92496 22308 70528 6047 82227 8946 24540 82227 50104 6047 8946 8946 92496 24540 
92496 22308 24540 22308 6047 6047 6047 70528 50104 70528 50104 85791 22308 92496 92496 22308 70528 24540 50104 85791 49428 82227 82227 85791 70528 24540 70528 24540 8946 49428 24540 82227 24540 6047 92496 49428 24540 49428 24540 22308 22308 92496 49428 85791 85791 70528 50104 22308 92496 24540 22308 22308 6047 49428 22308 92496 82227 22308 6047 82227 92496 50104 92496 82227 22308 49428 92496 70528 70528 92496 24540 8946 6047 6047 22308 24540 92496 92496 50104 22308 92496 70528 22308 49428 85791 82227 49428 6047 49428 50104 82227 92496 70528 70528 85791 8946 24540 49428 92496 70528 
24540 24540 82227 24540 6047 50104 6047 85791 6047 22308 22308 24540 6047 82227 49428 49428 6047 92496 8946 49428 6047 6047 24540 49428 85791 22308 8946 22308 70528 49428 92496 22308 85791 70528 70528 50104 82227 82227 22308 82227 6047 24540 49428 24540 85791 6047 8946 85791 22308 92496 92496 82227 92496 92496 82227 24540 22308 24540 24540 82227 8946 8946 8946 82227 22308 8946 50104 49428 70528 49428 92496 6047 8946 70528 49428 8946 24540 22308 8946 8946 82227 6047 8946 92496 85791 92496 49428 49428 50104 70528 50104 92496 70528 82227 82227 22308 82227 82227 92496 49428 
22308 82227 22308 92496 70528 85791 50104 70528 22308 92496 49428 85791 24540 92496 85791 24540 82227 22308 22308 8946 70528 92496 8946 92496 50104 6047 8946 6047 49428 8946 82227 6047 24540 22308 24540 70528 50104 24540 49428 50104 22308 6047 82227 82227 85791 85791 70528 70528 82227 6047 82227 82227 49428 92496 22308 50104 50104 6047 85791 82227 82227 85791 6047 49428 70528 50104 6047 82227 82227 82227 49428 8946 82227 70528 22308 92496 6047 70528 49428 92496 6047 85791 85791 8946 82227 85791 22308 22308 24540 50104 24540 82227 49428 82227 22308 6047 85791 24540 8946 50104 
92496 85791 49428 22308 92496 8946 6047 92496 70528 22308 6047 22308 82227 6047 92496 8946 49428 50104 49428 6047 85791 82227 22308 85791 24540 82227 85791 50104 6047 85791 85791 82227 22308 8946 70528 49428 50104 70528 82227 24540 8946 49428 92496 82227 85791 22308 70528 24540 24540 92496 49428 6047 24540 6047 92496 6047 49428 70528 6047 92496 22308 50104 8946 24540 24540 70528 92496 85791 70528 8946 22308 24540 85791 49428 49428 85791 70528 49428 92496 92496 70528 85791 70528 70528 82227 92496 22308 24540 6047 22308 92496 82227 22308 50104 49428 50104 50104 50104 85791 49428 
82227 92496 49428 8946 92496 49428 82227 22308 49428 70528 8946 85791 8946 50104 24540 49428 70528 24540 92496 24540 6047 22308 92496 24540 8946 24540 50104 82227 70528 24540 70528 92496 22308 24540 50104 49428 70528 6047 85791 50104 85791 22308 92496 50104 92496 82227 85791 92496 70528 6047 92496 24540 92496 85791 85791 49428 85791 6047 22308 92496 70528 6047 49428 50104 85791 6047 24540 85791 6047 70528 85791 8946 6047 85791 70528 22308 82227 24540 85791 49428 6047 70528 82227 24540 70528 92496 82227 92496 85791 6047 82227 92496 6047 24540 6047 8946 22308 6047 49428 24540 
85791 70528 24540 24540 6047 50104 85791 50104 8946 92496 24540 8946 50104 82227 92496 49428 82227 92496 22308 82227 70528 70528 50104 8946 70528 8946 70528 6047 70528 50104 50104 82227 50104 24540 8946 49428 85791 24540 82227 70528 50104 49428 82227 49428 50104 22308 6047 85791 8946 6047 92496 22308 24540 24540 24540 85791 24540 50104 82227 22308 92496 24540 24540 8946 24540 6047 85791 24540 85791 22308 50104 22308 70528 82227 22308 49428 85791 92496 70528 70528 50104 82227 50104 22308 70528 85791 92496 82227 6047 24540 70528 50104 8946 92496 92496 22308 8946 6047 50104 50104 
85791 49428 49428 50104 82227 24540 49428 22308 22308 92496 6047 6047 70528 70528 8946 22308 24540 8946 24540 92496 6047 85791 22308 24540 92496 50104 85791 50104 92496 50104 92496 50104 6047 8946 6047 70528 49428 6047 8946 50104 82227 6047 92496 6047 22308 85791 24540 85791 22308 82227 82227 70528 92496 22308 85791 85791 82227 70528 22308 8946 6047 6047 85791 70528 85791 50104 82227 24540 50104 8946 70528 22308 85791 24540 49428 8946 8946 85791 70528 50104 50104 8946 49428 22308 92496 50104 49428 85791 8946 49428 8946 49428 92496 92496 6047 22308 50104 85791 24540 50104 
85791 49428 85791 82227 6047 49428 22308 6047 70528 49428 49428 92496 8946 85791 6047 85791 85791 8946 50104 22308 70528 85791 70528 92496 85791 8946 24540 70528 6047 92496 92496 82227 49428 92496 24540 24540 70528 8946 22308 82227 70528 22308 6047 92496 6047 6047 50104 6047 24540 22308 92496 49428 8946 70528 49428 92496 22308 70528 82227 24540 50104 85791 92496 8946 50104 8946 85791 70528 22308 70528 82227 22308 92496 22308 6047 82227 49428 82227 82227 49428 82227 49428 70528 6047 22308 92496 70528 6047 49428 82227 50104 6047 92496 49428 70528 22308 6047 92496 92496 22308 
70528 82227 70528 22308 85791 8946 50104 85791 6047 70528 50104 50104 24540 24540 85791 92496 6047 49428 85791 50104 49428 24540 70528 70528 6047 8946 85791 49428 6047 22308 22308 92496 22308 22308 6047 6047 24540 50104 49428 92496 49428 22308 8946 24540 92496 49428 6047 22308 85791 50104 70528 49428 49428 85791 8946 92496 85791 49428 92496 24540 24540 92496 8946 82227 82227 8946 92496 85791 70528 50104 50104 49428 24540 22308 92496 8946 70528 50104 70528 22308 8946 22308 85791 50104 22308 6047 85791 82227 22308 8946 22308 8946 6047 85791 24540 70528 82227 82227 85791 92496 
49428 24540 85791 49428 92496 22308 50104 50104 82227 70528 92496 22308 24540 49428 82227 92496 82227 70528 92496 8946 82227 85791 92496 85791 49428 8946 49428 8946 92496 6047 50104 49428 6047 92496 49428 50104 49428 50104 8946 8946 82227 6047 49428 24540 82227 85791 70528 70528 85791 24540 49428 6047 24540 82227 85791 50104 49428 49428 92496 82227 6047 85791 85791 49428 24540 24540 85791 22308 8946 49428 85791 50104 22308 82227 49428 92496 70528 70528 24540 49428 82227 85791 85791 92496 6047 82227 85791 24540 6047 82227 70528 22308 24540 49428 92496 22308 70528 50104 85791 22308 
6047 85791 92496 50104 92496 6047 85791 92496 82227 22308 70528 82227 22308 6047 92496 8946 50104 22308 70528 70528 85791 70528 49428 50104 70528 24540 70528 82227 92496 82227 6047 50104 6047 85791 8946 50104 8946 8946 50104 92496 70528 50104 6047 92496 50104 85791 49428 24540 92496 6047 22308 24540 85791 50104 82227 82227 92496 92496 6047 22308 92496 82227 92496 6047 50104 85791 82227 22308 70528 85791 82227 49428 50104 6047 22308 70528 82227 70528 22308 70528 6047 49428 6047 50104 82227 82227 22308 92496 49428 70528 24540 70528 22308 24540 49428 82227 6047 22308 49428 24540 
49428 22308 6047 70528 24540 22308 85791 22308 49428 6047 22308 6047 82227 22308 82227 6047 22308 50104 24540 82227 82227 85791 49428 8946 24540 22308 85791 49428 70528 85791 22308 50104 22308 85791 82227 6047 50104 50104 82227 8946 6047 82227 92496 50104 82227 49428 82227 49428 22308 24540 49428 50104 6047 92496 22308 85791 85791 50104 82227 70528 50104 70528 49428 6047 6047 82227 6047 6047 24540 50104 92496 24540 24540 70528 85791 70528 6047 8946 24540 8946 8946 6047 24540 24540 82227 70528 82227 49428 49428 85791 24540 8946 8946 85791 24540 92496 49428 85791 82227 50104 
6047 49428 8946 92496 50104 50104 82227 82227 85791 92496 85791 82227 85791 70528 6047 85791 49428 70528 50104 82227 24540 82227 6047 8946 6047 82227 6047 50104 70528 6047 82227 24540 8946 6047 92496 22308 70528 82227 6047 50104 6047 22308 22308 92496 92496 82227 24540 22308 82227 8946 49428 85791 8946 22308 70528 70528 8946 6047 8946 50104 22308 8946 50104 8946 8946 22308 85791 50104 50104 8946 6047 85791 82227 82227 70528 82227 49428 70528 49428 70528 92496 22308 22308 49428 49428 6047 24540 50104 70528 85791 70528 50104 22308 49428 49428 70528 70528 49428 82227 6047 
92496 50104 6047 22308 24540 50104 50104 50104 85791 92496 85791 50104 8946 22308 8946 49428 92496 82227 8946 92496 82227 92496 85791 50104 6047 50104 24540 50104 82227 6047 82227 82227 6047 24540 24540 70528 92496 82227 92496 24540 24540 70528 92496 24540 50104 85791 8946 85791 49428 49428 85791 85791 82227 82227 92496 24540 85791 22308 6047 50104 8946 82227 92496 85791 70528 92496 49428 22308 92496 24540 70528 24540 6047 82227 82227 85791 22308 49428 70528 22308 92496 6047 50104 70528 8946 24540 82227 85791 49428 82227 49428 70528 70528 24540 85791 82227 85791 24540 92496 49428 
82227 50104 85791 50104 85791 85791 50104 6047 70528 82227 49428 85791 82227 49428 50104 22308 8946 49428 8946 92496 70528 6047 24540 92496 8946 22308 85791 49428 92496 85791 22308 92496 24540 70528 6047 6047 82227 8946 70528 70528 82227 50104 24540 92496 6047 82227 82227 6047 92496 49428 50104 6047 49428 85791 70528 85791 92496 50104 22308 70528 82227 22308 70528 22308 92496 85791 49428 8946 85791 70528 50104 82227 6047 82227 24540 49428 24540 8946 49428 50104 22308 22308 82227 6047 92496 85791 6047 85791 92496 92496 70528 85791 24540 85791 49428 85791 8946 70528 22308 82227 
82227 50104 22308 24540 8946 85791 92496 6047 22308 24540 6047 50104 70528 24540 82227 85791 49428 49428 85791 50104 92496 22308 24540 50104 85791 82227 50104 49428 22308 8946 70528 92496 22308 6047 70528 50104 22308 24540 24540 70528 8946 85791 85791 70528 92496 49428 70528 22308 49428 49428 22308 6047 24540 8946 49428 8946 92496 22308 49428 92496 24540 24540 8946 50104 85791 82227 8946 82227 49428 50104 49428 92496 82227 70528 50104 8946 8946 6047 50104 82227 49428 50104 6047 49428 70528 82227 24540 82227 70528 8946 82227 8946 6047 22308 24540 49428 49428 70528 8946 6047 
70528 82227 92496 8946 6047 22308 82227 22308 92496 22308 50104 8946 24540 8946 24540 6047 24540 24540 24540 49428 70528 8946 24540 8946 49428 8946 24540 49428 92496 92496 70528 82227 24540 85791 82227 22308 70528 82227 92496 49428 49428 92496 92496 50104 22308 22308 50104 49428 49428 22308 82227 70528 22308 85791 49428 22308 8946 92496 8946 82227 50104 24540 49428 82227 22308 82227 8946 49428 50104 50104 50104 24540 82227 85791 49428 85791 49428 50104 6047 24540 8946 50104 92496 70528 6047 82227 92496 6047 82227 22308 50104 92496 22308 24540 8946 6047 82227 50104 85791 92496 
22308 85791 49428 85791 92496 24540 50104 8946 24540 85791 92496 24540 92496 85791 82227 24540 82227 85791 82227 24540 82227 82227 22308 22308 6047 6047 6047 49428 6047 82227 85791 85791 22308 49428 22308 49428 49428 6047 92496 49428 92496 85791 50104 85791 8946 92496 22308 50104 70528 82227 92496 92496 6047 70528 50104 92496 6047 24540 85791 24540 24540 85791 85791 8946 50104 82227 8946 8946 70528 22308 22308 70528 70528 22308 82227 85791 49428 82227 24540 24540 24540 92496 70528 50104 92496 24540 8946 85791 82227 82227 70528 49428 8946 92496 22308 50104 70528 6047 82227 49428 
6047 6047 85791 92496 50104 85791 92496 82227 50104 24540 8946 49428 8946 70528 49428 70528 82227 49428 82227 92496 85791 92496 50104 82227 70528 82227 22308 22308 85791 50104 49428 24540 8946 82227 92496 22308 22308 92496 70528 82227 70528 50104 82227 92496 85791 70528 8946 24540 70528 82227 50104 85791 22308 85791 22308 24540 24540 50104 85791 50104 6047 49428 50104 49428 49428 82227 49428 92496 22308 49428 24540 50104 24540 92496 22308 8946 85791 22308 70528 82227 85791 82227 22308 50104 8946 22308 50104 24540 6047 82227 24540 92496 22308 22308 85791 82227 85791 50104 6047 8946 
6047 50104 70528 50104 70528 24540 8946 50104 82227 70528 8946 8946 8946 24540 82227 6047 70528 85791 8946 92496 6047 6047 22308 70528 6047 85791 92496 82227 8946 6047 92496 70528 82227 22308 50104 92496 8946 22308 24540 22308 49428 6047 6047 82227 85791 8946 92496 24540 22308 24540 82227 22308 85791 24540 24540 22308 85791 22308 22308 49428 22308 70528 8946 24540 6047 8946 70528 50104 50104 49428 24540 24540 50104 92496 70528 49428 6047 82227 49428 92496 85791 82227 24540 82227 92496 49428 8946 92496 6047 6047 50104 82227 8946 8946 6047 92496 50104 82227 85791 8946 
24540 22308 70528 24540 82227 70528 92496 49428 22308 92496 8946 85791 82227 92496 50104 24540 70528 8946 70528 6047 6047 85791 70528 85791 70528 92496 92496 49428 82227 22308 92496 24540 85791 6047 49428 8946 22308 6047 92496 6047 6047 6047 22308 85791 24540 82227 85791 85791 6047 8946 85791 70528 24540 70528 6047 92496 24540 6047 82227 8946 70528 70528 6047 70528 82227 6047 6047 85791 22308 82227 6047 6047 82227 92496 49428 49428 8946 82227 70528 49428 6047 92496 6047 24540 85791 70528 8946 50104 8946 8946 6047 85791 50104 22308 6047 92496 24540 24540 92496 50104 
82227 85791 22308 82227 49428 24540 6047 82227 49428 70528 49428 50104 22308 82227 49428 92496 24540 24540 92496 8946 85791 6047 85791 24540 85791 92496 82227 70528 92496 82227 49428 22308 24540 24540 24540 24540 8946 82227 22308 24540 70528 50104 49428 24540 8946 50104 50104 8946 8946 6047 22308 24540 24540 8946 49428 82227 70528 50104 6047 85791 24540 50104 24540 6047 92496 82227 24540 82227 70528 6047 22308 22308 50104 6047 6047 49428 22308 49428 49428 85791 70528 24540 82227 49428 6047 50104 22308 92496 49428 85791 85791 82227 85791 49428 6047 70528 85791 82227 50104 6047 
8946 82227 8946 82227 49428 50104 92496 6047 49428 6047 92496 49428 70528 82227 50104 70528 85791 70528 82227 24540 82227 82227 82227 8946 50104 49428 49428 85791 82227 92496 22308 6047 6047 85791 50104 70528 8946 24540 92496 50104 82227 8946 6047 50104 8946 92496 70528 22308 8946 92496 8946 82227 50104 85791 50104 6047 50104 49428 85791 85791 85791 24540 22308 70528 8946 6047 22308 92496 22308 82227 8946 50104 49428 6047 6047 92496 82227 24540 85791 70528 82227 6047 8946 8946 85791 70528 50104 22308 50104 50104 24540 92496 50104 6047 85791 50104 70528 70528 50104 22308 
8946 22308 49428 92496 82227 92496 92496 6047 50104 50104 82227 92496 70528 22308 8946 50104 8946 82227 70528 82227 82227 50104 92496 82227 82227 50104 85791 70528 49428 50104 92496 70528 70528 8946 24540 85791 49428 6047 8946 85791 85791 22308 70528 85791 8946 85791 85791 24540 8946 70528 82227 85791 82227 70528 8946 82227 85791 8946 8946 8946 70528 6047 6047 82227 22308 24540 50104 22308 92496 49428 85791 22308 82227 24540 6047 8946 22308 92496 24540 8946 6047 6047 82227 22308 49428 70528 22308 49428 8946 82227 50104 22308 50104 8946 8946 8946 82227 82227 24540 6047 
22308 8946 22308 49428 49428 49428 6047 82227 22308 49428 82227 85791 92496 6047 22308 49428 85791 92496 70528 24540 22308 70528 6047 85791 50104 70528 24540 24540 22308 8946 92496 50104 50104 6047 82227 22308 92496 8946 70528 24540 24540 82227 50104 22308 6047 8946 6047 49428 24540 6047 92496 24540 8946 82227 49428 82227 22308 50104 49428 82227 24540 49428 50104 6047 92496 24540 85791 49428 50104 70528 49428 85791 82227 6047 50104 92496 6047 8946 6047 24540 24540 85791 82227 82227 22308 50104 8946 50104 50104 6047 50104 70528 6047 92496 82227 8946 50104 8946 92496 6047 
82227 49428 70528 8946 24540 92496 92496 24540 8946 6047 92496 24540 82227 50104 50104 22308 8946 70528 22308 85791 70528 22308 92496 82227 92496 50104 22308 22308 8946 50104 22308 85791 6047 82227 70528 22308 24540 6047 82227 8946 6047 49428 50104 82227 85791 22308 92496 6047 49428 82227 24540 24540 49428 8946 24540 85791 92496 6047 92496 82227 24540 70528 6047 85791 49428 49428 85791 6047 92496 49428 70528 92496 82227 49428 22308 82227 8946 92496 8946 22308 85791 82227 50104 6047 70528 24540 49428 70528 85791 22308 82227 24540 70528 8946 50104 70528 85791 92496 6047 6047 
22308 82227 85791 85791 49428 6047 50104 70528 49428 24540 85791 70528 24540 82227 22308 85791 22308 24540 22308 50104 85791 22308 85791 50104 92496 50104 70528 22308 49428 85791 70528 92496 22308 50104 82227 24540 22308 49428 82227 92496 24540 92496 85791 92496 8946 70528 24540 92496 82227 85791 92496 8946 70528 70528 49428 70528 8946 70528 82227 6047 22308 8946 6047 49428 6047 24540 6047 92496 92496 92496 8946 85791 6047 70528 70528 6047 85791 6047 6047 6047 92496 24540 92496 50104 22308 82227 92496 24540 24540 22308 50104 22308 92496 49428 49428 92496 22308 85791 8946 82227 
49428 8946 24540 49428 92496 82227 70528 50104 49428 8946 24540 82227 6047 92496 82227 50104 92496 82227 50104 49428 85791 82227 70528 50104 49428 50104 24540 85791 70528 85791 50104 50104 24540 22308 22308 85791 50104 8946 70528 22308 24540 6047 6047 50104 6047 8946 24540 49428 49428 24540 92496 6047 92496 8946 50104 85791 82227 82227 22308 6047 70528 24540 50104 70528 22308 49428 24540 85791 22308 22308 82227 50104 24540 22308 6047 85791 92496 92496 49428 22308 8946 92496 8946 24540 22308 82227 92496 49428 22308 50104 49428 85791 6047 22308 50104 70528 6047 49428 92496 49428 
24540 92496 85791 49428 50104 70528 24540 8946 24540 6047 22308 49428 24540 22308 22308 50104 70528 85791 24540 24540 82227 70528 49428 6047 70528 82227 8946 49428 70528 22308 92496 92496 70528 22308 50104 82227 49428 85791 82227 6047 70528 92496 70528 50104 6047 92496 49428 24540 70528 8946 92496 50104 49428 50104 49428 70528 50104 82227 8946 70528 70528 6047 22308 49428 49428 6047 82227 92496 22308 22308 24540 22308 92496 85791 24540 92496 82227 82227 22308 49428 24540 24540 82227 49428 70528 70528 70528 70528 24540 70528 85791 24540 50104 8946 85791 82227 24540 92496 85791 85791 
49428 49428 24540 50104 82227 92496 92496 49428 85791 92496 92496 8946 49428 49428 70528 49428 70528 6047 22308 70528 24540 6047 85791 92496 24540 82227 50104 22308 8946 24540 22308 85791 22308 82227 70528 85791 82227 6047 92496 49428 50104 6047 82227 70528 50104 50104 85791 92496 6047 92496 8946 85791 82227 22308 49428 49428 92496 92496 22308 49428 24540 82227 22308 50104 50104 85791 6047 50104 6047 22308 92496 24540 49428 24540 50104 92496 85791 6047 49428 70528 92496 92496 24540 24540 49428 24540 92496 82227 49428 24540 70528 24540 50104 8946 85791 8946 6047 24540 70528 24540 
24540 50104 70528 92496 6047 70528 6047 82227 70528 85791 24540 92496 49428 8946 50104 49428 24540 6047 8946 24540 70528 22308 24540 22308 6047 8946 92496 50104 50104 8946 50104 85791 24540 6047 22308 8946 6047 49428 92496 6047 8946 85791 8946 50104 82227 70528 8946 85791 6047 92496 8946 85791 24540 49428 50104 8946 85791 92496 85791 24540 22308 49428 24540 24540 50104 70528 82227 82227 49428 24540 70528 22308 8946 6047 22308 50104 82227 6047 92496 82227 92496 24540 82227 85791 70528 22308 82227 49428 50104 49428 82227 49428 49428 24540 70528 82227 92496 24540 22308 6047 
24540 22308 82227 6047 92496 70528 85791 85791 70528 24540 24540 82227 6047 50104 85791 24540 82227 50104 50104 70528 22308 50104 92496 6047 85791 70528 92496 24540 24540 49428 92496 82227 8946 49428 82227 82227 92496 6047 8946 85791 8946 6047 8946 49428 70528 22308 70528 8946 50104 6047 70528 49428 82227 6047 24540 22308 49428 49428 8946 85791 92496 50104 82227 6047 24540 49428 85791 49428 82227 50104 8946 70528 82227 85791 49428 8946 24540 85791 92496 24540 6047 49428 82227 8946 24540 22308 70528 49428 70528 70528 70528 49428 82227 22308 82227 49428 82227 8946 49428 49428 
49428 8946 49428 22308 85791 92496 82227 8946 92496 50104 24540 92496 92496 8946 82227 50104 70528 92496 22308 49428 49428 82227 92496 8946 8946 92496 22308 6047 92496 92496 8946 6047 24540 24540 24540 85791 22308 70528 6047 22308 85791 24540 50104 8946 70528 82227 22308 49428 50104 85791 82227 82227 70528 49428 6047 50104 50104 50104 6047 8946 22308 22308 22308 50104 50104 70528 49428 22308 6047 92496 92496 24540 85791 24540 50104 50104 85791 24540 24540 92496 70528 82227 70528 49428 6047 50104 22308 6047 70528 85791 82227 92496 22308 82227 6047 6047 92496 50104 49428 82227 
8946 24540 49428 49428 50104 6047 22308 85791 82227 24540 49428 50104 70528 82227 6047 50104 24540 70528 70528 85791 92496 49428 6047 49428 49428 6047 82227 50104 85791 6047 24540 22308 70528 82227 24540 70528 6047 22308 6047 50104 6047 22308 8946 24540 92496 22308 70528 70528 50104 70528 24540 22308 22308 24540 24540 70528 6047 85791 50104 70528 24540 8946 8946 70528 70528 82227 85791 22308 22308 49428 24540 70528 8946 85791 70528 50104 6047 92496 22308 92496 8946 50104 70528 8946 85791 92496 24540 70528 85791 92496 85791 50104 70528 6047 49428 22308 22308 82227 70528 6047 
85791 50104 85791 82227 70528 49428 85791 50104 24540 82227 8946 92496 8946 8946 49428 6047 22308 85791 70528 92496 8946 22308 49428 8946 82227 70528 85791 50104 6047 92496 24540 70528 49428 70528 85791 8946 85791 70528 82227 22308 24540 85791 22308 85791 8946 6047 22308 8946 6047 8946 50104 85791 50104 85791 22308 92496 82227 6047 92496 70528 85791 24540 92496 70528 6047 49428 8946 50104 70528 70528 50104 49428 49428 24540 70528 49428 70528 82227 6047 50104 24540 6047 50104 50104 22308 24540 85791 82227 82227 50104 49428 50104 24540 82227 49428 24540 82227 92496 22308 70528 
6047 24540 49428 49428 49428 50104 92496 24540 24540 49428 92496 82227 6047 6047 22308 8946 85791 70528 50104 6047 49428 8946 70528 70528 6047 6047 49428 85791 82227 92496 6047 22308 22308 8946 8946 50104 70528 6047 85791 70528 82227 92496 49428 49428 85791 24540 8946 92496 8946 24540 6047 49428 82227 6047 24540 85791 8946 82227 92496 82227 85791 92496 49428 22308 70528 24540 22308 85791 92496 24540 22308 50104 92496 24540 85791 22308 82227 22308 8946 50104 82227 50104 49428 22308 49428 24540 6047 92496 8946 22308 70528 49428 85791 82227 82227 70528 8946 70528 22308 45502725376502 
22308 24540 22308 6047 70528 85791 70528 85791 50104 82227 22308 50104 85791 49428 70528 92496 22308 92496 8946 24540 70528 70528 24540 70528 6047 85791 70528 8946 49428 24540 70528 22308 8946 82227 50104 82227 82227 82227 70528 92496 24540 24540 85791 70528 22308 6047 82227 92496 92496 92496 22308 92496 22308 92496 49428 8946 85791 49428 6047 8946 6047 92496 24540 85791 8946 82227 70528 70528 8946 82227 70528 8946 70528 24540 70528 6047 70528 8946 22308 50104 85791 8946 24540 24540 6047 24540 85791 49428 6047 50104 24540 70528 49428 50104 49428 92496 8946 49428 22308 6047 
6047 70528 6047 24540 82227 92496 6047 82227 8946 8946 85791 8946 6047 50104 85791 85791 22308 8946 82227 92496 82227 8946 6047 85791 82227 22308 82227 22308 49428 22308 70528 82227 8946 85791 8946 24540 92496 85791 85791 49428 85791 22308 50104 49428 8946 49428 8946 82227 70528 49428 8946 85791 70528 24540 6047 70528 82227 8946 8946 24540 70528 70528 50104 49428 6047 92496 50104 24540 85791 85791 70528 82227 49428 8946 85791 85791 70528 85791 50104 8946 82227 92496 85791 8946 92496 22308 24540 92496 6047 8946 24540 85791 82227 70528 70528 82227 22308 49428 22308 22308 
50104 49428 92496 70528 70528 92496 50104 85791 50104 82227 24540 49428 24540 50104 92496 8946 85791 92496 82227 22308 85791 6047 85791 70528 49428 6047 85791 49428 49428 24540 85791 70528 6047 85791 82227 92496 82227 70528 49428 49428 24540 50104 6047 49428 82227 92496 8946 24540 82227 70528 50104 85791 49428 85791 92496 50104 70528 6047 70528 50104 24540 24540 24540 22308 85791 6047 92496 8946 85791 49428 24540 50104 24540 85791 22308 49428 50104 92496 85791 6047 49428 82227 24540 49428 8946 85791 6047 22308 8946 82227 82227 8946 92496 82227 8946 6047 22308 24540 8946 8946 
6047 8946 70528 8946 22308 8946 85791 50104 92496 50104 92496 50104 92496 6047 92496 49428 82227 49428 24540 82227 50104 49428 85791 49428 82227 8946 85791 8946 70528 6047 22308 24540 85791 6047 49428 70528 8946 50104 22308 8946 92496 50104 24540 70528 85791 85791 50104 8946 6047 85791 82227 92496 49428 82227 82227 85791 92496 70528 8946 70528 8946 92496 49428 6047 70528 22308 70528 6047 49428 82227 24540 49428 50104 24540 70528 6047 24540 49428 82227 6047 70528 22308 24540 92496 70528 92496 22308 6047 82227 70528 6047 24540 8946 22308 22308 22308 8946 8946 85791 50104 
8946 49428 8946 92496 24540 70528 24540 6047 92496 8946 49428 8946 50104 49428 49428 70528 22308 82227 6047 82227 70528 49428 24540 49428 85791 50104 85791 70528 70528 22308 50104 49428 92496 49428 6047 82227 82227 24540 6047 8946 49428 49428 82227 6047 22308 22308 85791 50104 8946 49428 24540 8946 8946 6047 22308 50104 70528 24540 24540 49428 8946 24540 70528 50104 85791 92496 85791 6047 70528 6047 6047 24540 24540 24540 49428 70528 82227 82227 50104 50104 49428 22308 50104 85791 6047 6047 70528 6047 70528 82227 49428 22308 85791 82227 6047 24540 49428 24540 49428 92496 
92496 70528 22308 92496 24540 8946 92496 22308 22308 22308 6047 82227 22308 70528 50104 49428 6047 82227 8946 24540 92496 92496 92496 82227 70528 49428 8946 8946 92496 85791 92496 92496 8946 22308 85791 82227 85791 70528 50104 92496 8946 22308 50104 49428 70528 70528 8946 85791 24540 24540 22308 49428 92496 22308 70528 50104 8946 24540 24540 6047 50104 22308 85791 70528 49428 24540 24540 70528 22308 82227 24540 85791 85791 6047 50104 49428 85791 70528 8946 22308 50104 24540 85791 85791 50104 8946 92496 24540 92496 50104 24540 85791 82227 50104 6047 70528 50104 50104 70528 49428 
70528 70528 24540 49428 85791 70528 82227 8946 85791 8946 22308 70528 24540 49428 50104 24540 70528 8946 82227 49428 22308 6047 24540 50104 85791 22308 82227 8946 8946 24540 92496 6047 6047 82227 24540 85791 85791 70528 8946 8946 92496 8946 6047 8946 49428 24540 49428 24540 6047 70528 82227 6047 92496 8946 82227 22308 92496 50104 92496 22308 85791 70528 24540 50104 24540 92496 24540 49428 8946 8946 50104 82227 70528 22308 6047 50104 70528 22308 50104 6047 82227 8946 50104 8946 6047 85791 49428 92496 85791 92496 24540 70528 92496 82227 92496 70528 50104 50104 8946 49428 
6047 24540 22308 50104 70528 22308 8946 70528 82227 8946 85791 50104 82227 85791 50104 24540 50104 70528 92496 22308 22308 70528 49428 92496 70528 50104 24540 82227 6047 70528 6047 50104 49428 22308 8946 92496 8946 24540 24540 82227 22308 24540 70528 82227 50104 22308 85791 8946 22308 50104 92496 70528 85791 8946 82227 85791 85791 92496 8946 49428 22308 82227 82227 92496 24540 50104 22308 82227 82227 49428 8946 22308 8946 70528 92496 92496 50104 49428 50104 6047 82227 8946 49428 50104 70528 6047 50104 6047 8946 82227 8946 8946 50104 92496 92496 22308 24540 82227 92496 92496 
8946 70528 82227 49428 24540 22308 70528 92496 8946 85791 82227 24540 82227 6047 82227 8946 6047 92496 50104 8946 8946 8946 50104 82227 92496 85791 22308 49428 6047 6047 50104 8946 82227 82227 8946 8946 82227 82227 50104 49428 6047 82227 50104 70528 49428 49428 8946 50104 92496 8946 82227 49428 85791 70528 6047 24540 8946 24540 85791 70528 50104 8946 50104 6047 22308 6047 92496 8946 22308 8946 49428 82227 6047 50104 50104 50104 70528 70528 85791 85791 22308 82227 50104 50104 49428 6047 70528 92496 92496 70528 24540 49428 6047 24540 82227 24540 24540 85791 6047 50104 
6047 24540 85791 49428 70528 92496 49428 85791 85791 50104 6047 24540 24540 70528 92496 70528 22308 8946 50104 8946 22308 24540 92496 85791 49428 49428 50104 92496 50104 92496 6047 8946 92496 24540 6047 22308 82227 8946 8946 8946 6047 82227 50104 50104 85791 8946 6047 24540 24540 22308 22308 70528 8946 50104 50104 22308 50104 70528 85791 82227 8946 92496 49428 85791 85791 85791 49428 85791 49428 24540 70528 6047 49428 49428 22308 70528 82227 24540 8946 24540 70528 49428 22308 85791 85791 24540 50104 70528 50104 92496 6047 50104 6047 82227 82227 22308 49428 22308 92496 22308 
6047 8946 8946 82227 70528 92496 22308 24540 85791 22308 82227 70528 70528 22308 92496 22308 8946 22308 6047 92496 24540 49428 82227 49428 6047 24540 70528 6047 85791 8946 8946 92496 8946 24540 24540 6047 50104 6047 24540 50104 92496 24540 85791 70528 70528 85791 92496 50104 49428 6047 22308 82227 24540 82227 22308 82227 49428 92496 49428 8946 82227 92496 6047 70528 50104 8946 6047 82227 49428 6047 22308 50104 50104 92496 70528 85791 92496 82227 82227 8946 49428 8946 92496 8946 70528 8946 92496 70528 70528 82227 22308 8946 70528 49428 50104 92496 49428 6047 92496 85791 
24540 50104 24540 70528 49428 22308 22308 85791 22308 6047 70528 49428 50104 24540 49428 82227 24540 49428 6047 70528 6047 70528 82227 50104 92496 92496 6047 22308 22308 49428 49428 92496 92496 6047 70528 22308 82227 50104 85791 6047 6047 50104 24540 50104 82227 24540 70528 85791 85791 24540 82227 6047 24540 82227 92496 82227 24540 82227 22308 50104 8946 49428 22308 24540 50104 70528 24540 50104 49428 49428 92496 22308 82227 92496 49428 8946 82227 24540 82227 70528 6047 92496 49428 8946 82227 22308 22308 22308 22308 24540 85791 6047 92496 70528 70528 82227 85791 70528 6047 49428 
85791 70528 6047 70528 6047 6047 8946 50104 49428 24540 85791 82227 70528 24540 8946 24540 8946 70528 70528 82227 8946 82227 92496 6047 92496 6047 50104 70528 6047 92496 50104 82227 70528 6047 50104 6047 70528 22308 22308 50104 6047 82227 92496 92496 70528 8946 8946 50104 24540 92496 85791 24540 82227 6047 8946 85791 22308 92496 49428 6047 24540 70528 92496 50104 85791 85791 85791 82227 85791 50104 85791 6047 92496 8946 92496 50104 8946 92496 92496 24540 92496 85791 24540 92496 50104 22308 50104 92496 82227 82227 6047 24540 8946 8946 92496 22308 49428 50104 6047 22308 
49428 6047 85791 50104 24540 22308 22308 24540 85791 85791 49428 85791 8946 24540 24540 50104 22308 50104 22308 24540 8946 70528 24540 8946 50104 70528 70528 70528 49428 49428 8946 8946 92496 50104 85791 85791 70528 82227 82227 82227 6047 22308 85791 82227 82227 50104 24540 6047 92496 50104 22308 22308 70528 22308 70528 82227 8946 49428 24540 8946 92496 92496 6047 82227 85791 92496 24540 92496 50104 92496 92496 8946 82227 6047 24540 82227 92496 8946 6047 6047 82227 82227 85791 85791 82227 70528 82227 6047 70528 6047 49428 6047 49428 6047 92496 50104 49428 6047 22308 50104 
92496 22308 92496 50104 92496 85791 85791 85791 92496 70528 6047 50104 70528 85791 8946 22308 82227 8946 8946 8946 49428 82227 50104 82227 92496 6047 22308 6047 85791 92496 49428 70528 82227 6047 82227 82227 49428 24540 70528 8946 50104 70528 70528 49428 6047 6047 6047 6047 49428 70528 49428 22308 8946 8946 85791 49428 92496 92496 70528 82227 22308 50104 24540 85791 24540 8946 50104 92496 22308 24540 24540 70528 8946 70528 8946 6047 82227 24540 82227 85791 24540 82227 6047 8946 6047 50104 6047 6047 82227 70528 22308 85791 70528 85791 24540 49428 22308 6047 70528 6047 
85791 8946 49428 8946 24540 70528 6047 49428 6047 24540 49428 85791 85791 6047 85791 6047 50104 85791 8946 24540 92496 70528 8946 49428 24540 6047 22308 85791 6047 8946 82227 70528 70528 50104 70528 22308 50104 85791 82227 92496 22308 24540 22308 50104 92496 85791 82227 49428 50104 85791 22308 92496 85791 92496 70528 82227 70528 49428 92496 82227 6047 50104 8946 8946 49428 70528 49428 8946 24540 85791 82227 85791 82227 8946 6047 22308 49428 92496 8946 92496 24540 70528 49428 85791 70528 22308 6047 82227 24540 92496 24540 24540 49428 92496 82227 50104 22308 6047 49428 92496 
22308 92496 50104 49428 6047 6047 24540 70528 22308 49428 22308 70528 92496 85791 85791 24540 49428 6047 85791 50104 70528 6047 8946 8946 24540 92496 82227 6047 85791 8946 6047 6047 50104 85791 70528 92496 24540 22308 92496 49428 92496 92496 85791 50104 50104 85791 6047 24540 49428 92496 50104 8946 50104 6047 49428 49428 92496 8946 6047 8946 6047 49428 49428 24540 24540 24540 92496 6047 85791 22308 49428 70528 92496 49428 24540 22308 6047 70528 8946 92496 85791 6047 85791 85791 22308 8946 24540 82227 85791 70528 49428 82227 24540 70528 6047 49428 8946 22308 70528 49428 
24540 49428 85791 22308 92496 22308 92496 22308 6047 50104 8946 8946 24540 70528 70528 8946 92496 92496 6047 8946 70528 92496 50104 50104 8946 50104 24540 50104 50104 50104 8946 6047 22308 22308 85791 22308 6047 22308 8946 22308 49428 22308 24540 92496 8946 22308 70528 50104 82227 24540 22308 22308 8946 22308 24540 8946 22308 70528 49428 70528 70528 50104 82227 24540 92496 8946 8946 8946 6047 22308 6047 24540 6047 24540 92496 8946 24540 6047 49428 24540 82227 70528 8946 22308 70528 22308 85791 85791 92496 85791 22308 82227 6047 50104 50104 24540 6047 85791 70528 70528 
92496 82227 49428 24540 49428 92496 24540 24540 82227 24540 22308 49428 22308 8946 85791 24540 24540 22308 49428 85791 8946 6047 6047 22308 70528 85791 85791 6047 92496 22308 85791 92496 85791 24540 49428 50104 70528 49428 92496 49428 6047 70528 82227 70528 24540 49428 49428 6047 70528 6047 82227 50104 92496 82227 8946 24540 22308 22308 8946 8946 24540 70528 22308 85791 85791 50104 24540 70528 22308 85791 50104 85791 6047 6047 49428 22308 70528 82227 49428 24540 85791 82227 70528 70528 70528 50104 24540 85791 70528 50104 6047 70528 92496 92496 6047 70528 50104 24540 70528 22308 
