20 30
166 45 121 146 447 252 199 437 103 172 94 376 470 481 284 263 113 472 36 28 18 247 563 232 346 220 562 354 234 467
385 411 142 202 203 239 156 131 54 323 417 275 551 584 500 444 302 432 140 149 233 509 67 587 445 435 401 339 529 257
29 514 371 449 8 217 13 328 378 281 243 48 63 47 23 160 168 462 126 181 336 476 171 596 491 312 451 236 64 564
163 541 244 391 304 1 211 56 550 599 279 337 80 177 327 355 253 88 426 356 287 330 335 35 274 576 436 360 235 229
442 270 572 83 125 307 525 438 105 397 293 295 185 532 483 184 463 474 175 557 318 77 484 414 152 12 507 269 242 369
513 237 322 499 216 523 383 153 238 408 19 540 117 427 69 504 205 452 40 248 34 351 241 249 482 194 571 130 9 524
256 147 581 379 534 11 222 5 475 400 521 466 141 460 418 16 316 555 214 479 85 353 7 70 394 206 136 511 176 398
180 3 75 73 382 490 116 285 118 552 468 428 114 78 488 494 79 62 190 102 306 286 246 545 578 326 420 87 200 384
266 219 374 566 273 182 157 46 188 573 457 314 487 589 440 49 96 443 53 526 134 72 37 81 516 227 361 560 17 137
325 173 567 52 569 593 522 290 308 341 58 591 372 61 366 331 357 262 519 99 276 348 425 390 579 26 71 144 115 74
151 230 204 128 320 453 148 93 544 259 375 15 347 392 97 321 406 496 289 528 86 580 66 91 158 503 363 493 471 24
258 213 416 133 402 119 498 396 345 538 575 196 404 60 315 311 299 277 317 294 456 386 297 169 502 183 344 461 255 388
298 497 165 585 197 2 574 288 292 109 272 310 332 191 159 231 377 309 409 407 473 313 527 186 50 419 271 333 174 101
170 594 583 590 365 531 268 548 338 489 373 76 305 598 210 164 588 441 561 570 193 189 162 393 495 245 107 501 278 530
215 123 518 439 367 65 192 57 329 430 597 477 132 291 359 226 492 303 100 195 225 161 254 155 537 464 515 179 539 82
349 38 280 543 362 178 43 368 207 506 167 324 22 558 122 469 510 21 434 549 39 120 350 212 319 4 300 44 542 486
517 565 485 51 296 387 334 267 98 240 433 554 340 520 135 264 395 582 145 370 364 480 112 512 68 108 260 111 446 221
556 31 403 454 342 600 399 423 55 143 208 150 595 410 218 431 187 138 139 358 415 129 25 508 30 450 429 458 343 546
14 448 577 27 568 559 154 251 505 352 421 224 127 536 104 106 282 380 201 95 32 283 261 455 92 424 413 89 586 389
381 422 465 42 59 6 198 547 124 459 209 592 412 405 535 478 250 553 33 228 84 90 301 533 110 10 265 20 223 41
