30 20
179 542 114 76 486 414 216 309 294 517 553 250 140 96 597 393 527 104 357 81
465 165 482 58 266 40 334 231 233 139 303 147 236 270 235 351 269 433 258 22
505 364 43 21 71 27 383 494 524 359 452 369 529 68 113 116 345 45 51 550
19 156 145 203 416 473 220 14 498 458 392 273 437 317 507 590 561 164 107 385
539 343 265 34 511 24 348 323 284 217 173 328 111 87 379 337 394 411 271 281
470 541 75 65 344 252 301 197 26 338 212 440 552 567 324 319 599 327 262 226
361 388 41 516 272 201 366 202 481 292 382 181 398 581 275 42 94 249 556 297
589 239 318 377 149 137 464 311 66 84 206 572 98 386 579 356 538 585 555 571
565 135 213 336 177 321 593 460 525 548 268 267 461 409 520 454 396 85 72 186
126 143 120 540 417 350 219 33 7 358 245 153 410 479 314 554 8 503 341 523
562 200 208 502 142 2 207 560 61 443 431 471 221 543 121 453 513 70 171 478
594 50 577 244 52 384 499 546 485 566 426 237 432 395 438 559 564 215 56 59
354 124 390 298 557 78 47 30 501 528 285 347 475 427 363 257 508 310 184 112
407 241 360 77 199 99 187 29 106 83 451 17 583 421 441 526 189 232 261 400
141 551 514 209 4 242 518 259 568 412 397 148 580 163 435 10 158 449 35 214
62 596 375 117 428 462 243 403 155 512 535 193 287 333 205 569 134 371 448 234
288 544 436 365 457 150 13 598 128 5 445 423 362 480 582 161 90 591 545 196
282 536 346 108 154 300 434 182 229 69 48 218 276 533 195 547 138 446 79 224
290 374 23 198 53 60 105 474 468 36 31 238 532 331 484 537 115 456 490 399
418 6 487 493 63 92 419 444 39 302 11 489 476 136 373 352 315 74 600 595
144 450 355 504 246 167 506 28 296 159 425 88 109 54 260 349 558 477 12 413
380 228 472 49 122 488 32 286 522 44 102 191 211 306 313 530 584 264 274 210
463 549 67 483 280 146 370 391 406 573 492 496 174 320 64 46 132 169 519 25
466 408 86 119 495 576 283 278 329 381 459 305 353 16 586 131 510 133 125 509
3 578 9 123 316 204 531 253 299 157 429 180 15 1 534 405 372 130 332 175
277 312 95 326 185 563 289 162 223 151 82 279 368 89 248 255 256 251 263 420
97 439 574 469 592 37 160 497 183 500 225 447 367 166 152 57 422 18 442 178
103 325 588 378 376 192 304 118 247 308 330 194 168 80 129 227 188 415 230 293
172 307 402 575 404 291 424 322 100 73 401 340 587 176 389 455 254 515 335 110
55 240 20 101 430 170 38 339 127 93 467 521 190 491 570 222 295 342 91 387
