40 70
616 1121 1993 1975 1307 1327 1846 2019 2509 2148 489 2734 1615 1362 238 2723 1936 522 2277 574 881 2115 955 24 2654 896 2624 1829 1524 874 571 1968 182 2694 1493 2050 269 794 1559 2581 2664 243 2752 1628 1385 716 2069 2537 2737 461 1542 1308 1890 2147 1210 1413 1838 1682 1218 1794 1755 1031 2693 2603 1935 1995 318 534 1114 2392
2580 1987 159 2743 270 1816 1637 2100 2222 2190 2764 657 1331 943 628 1315 1812 910 2327 418 165 491 1855 2544 1233 1867 1096 1312 2644 158 2482 2128 693 2339 1229 1568 1635 2332 1600 886 323 2066 1422 2549 2484 1459 1842 589 2479 2196 1916 1088 1925 1785 326 400 2328 1040 694 2512 838 1686 2488 2048 2249 1277 23 2720 1973 1306
2456 1197 143 664 609 85 887 985 1707 1591 1338 739 2099 384 2117 1144 1097 1957 625 160 518 742 558 1346 620 1998 988 2399 2009 727 414 1923 2288 338 2098 1506 1891 1669 2406 445 2057 1239 1833 749 1409 546 25 1135 922 1453 918 576 1130 2134 1198 457 615 520 2648 929 1579 56 83 138 1986 195 1212 1644 2657 1452
695 2062 2614 1913 699 1892 1533 2336 2052 1543 1933 1115 2130 1407 551 662 464 1245 1548 365 392 607 2302 285 2800 684 933 1400 1153 732 1590 105 1418 1342 1299 2080 1154 825 1534 290 778 77 450 391 2420 84 307 1151 1645 1983 926 760 1085 2692 2698 287 111 2156 1301 2164 643 2606 1798 376 92 2103 2299 226 681 1000
1651 1322 505 492 968 1745 2160 507 1404 656 710 381 1357 1321 826 2517 360 2489 2211 264 1158 1852 2168 1847 2451 2084 2218 650 1734 945 293 2360 989 901 45 2043 1215 433 377 1213 2718 1830 480 2087 1530 362 1871 728 2460 1853 2553 1263 1302 757 2070 1825 1712 579 1552 637 136 127 2013 2570 2733 273 475 1555 424 2346
1893 828 1725 1988 407 1243 277 2485 319 1060 866 2400 100 971 2726 837 1510 1837 1129 415 711 372 1423 405 1976 485 2127 254 2728 2643 1178 2701 196 1683 2586 1832 432 2687 303 233 1550 1037 337 441 1374 203 2001 1664 642 599 2600 573 861 2143 1332 2166 1708 313 348 2063 1994 740 1164 1873 2137 1113 488 163 2159 2303
946 1920 855 1482 2106 2244 1241 1839 1856 1468 2311 1970 597 1666 65 2378 2681 1883 3 258 2721 842 2560 409 846 810 2020 2780 1458 218 1261 2234 81 2053 1067 1740 1632 113 1880 2688 10 641 611 2634 1401 2452 2201 890 2033 1759 927 1705 366 436 2015 2010 2507 1304 2757 1574 1395 121 1776 2759 1954 1268 1355 2293 2566 1545
481 42 808 2462 528 2054 1251 1795 803 2416 1564 291 553 588 920 1047 2670 1834 2233 984 471 18 1766 776 1912 2354 2312 2264 2582 2089 1022 2214 773 875 1551 2140 527 1084 367 2374 417 2017 176 603 2307 1174 1371 2524 1878 145 1769 2487 1098 720 1140 1160 2439 1280 667 2633 1639 1220 1069 802 328 1443 1717 1224 490 1744
179 895 1526 763 2051 1006 356 1730 1328 1618 1087 812 2358 1617 1300 2320 950 1486 2340 1023 941 462 1841 786 91 844 819 115 1343 973 2216 821 2109 508 2620 187 974 2558 1990 474 1399 2608 1885 260 2335 2675 2025 2445 5 1781 722 610 2269 1257 1126 2396 1626 1650 2146 2206 2461 298 2178 592 1609 2226 784 2337 2377 1150
928 2695 2341 78 426 1191 1456 2678 867 1489 2785 2193 594 1716 1729 2615 2252 1899 925 1032 1329 2081 2383 1863 2198 1373 2086 2124 241 2199 647 1661 454 1522 1681 265 638 1525 2538 1675 2005 1691 1972 1081 2393 2623 1698 678 229 1256 322 2486 1814 1230 1532 2353 2229 2231 183 1761 2569 2079 350 775 1629 1518 811 1826 2036 1287
164 2574 2689 444 1425 1997 197 2782 873 26 47 1747 754 772 278 2364 1967 1942 272 1614 593 601 1900 937 257 2351 1821 1128 851 1535 1963 2101 2372 1389 225 423 102 2308 682 1172 106 1285 2711 666 1672 1254 1014 1709 958 410 872 2205 170 2440 1039 2037 2315 1792 1223 1078 1341 2492 2321 1445 88 1325 1050 1485 357 1267
1981 843 1507 2121 2655 294 496 2287 986 2640 542 1843 1657 2082 2543 529 2708 2458 1955 1367 2447 2024 334 315 1860 798 618 2313 1544 2588 865 706 719 762 604 1379 1281 49 1811 1513 2787 1091 1063 2251 869 713 1363 67 1199 1058 1807 822 976 382 2423 2709 2739 1797 2790 2363 1492 1318 1497 2627 1687 2132 310 1553 2276 1517
1500 2125 1356 120 1138 2150 690 2088 449 1222 2716 915 1145 1269 2742 249 764 897 1378 1782 859 1436 117 1831 2371 2676 557 675 2596 1205 1337 135 275 2220 1921 168 1764 217 330 777 2436 795 1750 2413 311 1727 2630 2304 2745 1370 2475 750 1563 2356 431 458 58 347 632 368 2796 2686 321 289 1777 1455 1187 341 1398 1763
305 1937 2417 2078 2651 108 612 37 448 1858 548 1438 912 997 292 425 1991 124 631 1504 1822 1767 1246 1953 1649 1869 1652 994 1326 975 194 2713 858 1271 2564 967 2153 931 1723 2562 420 636 1184 608 674 1668 2529 1895 839 1266 820 281 499 2306 1055 908 2318 882 1966 1820 564 1901 413 1917 1411 1611 2767 2348 2425 708
1471 1815 1538 1204 263 2419 1242 1235 2552 2748 630 2656 856 506 276 2322 1017 806 2373 484 613 753 1886 2 1494 1688 2510 2154 1470 655 1780 476 832 463 2161 723 416 707 1094 1250 1070 123 889 1971 2722 2122 306 1737 469 923 1303 2309 1556 1678 452 980 824 364 1305 1444 2262 533 2167 559 944 645 1643 2605 1722 879
301 1010 1059 200 342 2717 1086 2265 1353 1924 300 2016 1463 1508 702 907 584 2230 2179 758 586 797 751 1774 1314 2571 154 761 2799 1908 155 1082 566 1773 1260 2653 437 1448 40 64 2042 1405 1065 964 2592 2550 2280 1612 517 2699 351 2097 2071 957 2387 782 2038 1469 2493 82 1515 2023 2448 1915 1606 807 131 1851 2455 16
483 2027 789 999 2638 919 2480 2026 1573 2744 1131 2202 2183 86 2618 939 1478 547 1733 1911 1985 2258 1520 1181 2324 1758 1036 54 211 181 242 2114 312 76 823 1217 1177 697 2736 399 2065 691 459 1274 1276 1904 178 355 2259 335 371 2323 2762 1662 1919 468 1208 332 1887 658 1416 395 1310 738 1721 1431 2534 1427 1690 1960
1673 455 960 1236 1142 1228 756 2791 1049 2604 1881 2060 2712 1974 1589 1072 1597 1884 2430 1499 2369 583 1137 627 2727 2046 898 1364 2545 1848 2468 2449 2236 261 1685 560 349 1052 1859 46 2250 701 139 38 1743 1259 465 1375 1624 788 718 201 995 2753 1701 1075 2014 1167 1249 626 1219 2428 2719 568 1480 1188 1788 1221 2642 2506
781 900 1146 175 482 245 998 555 1819 2278 1582 2658 1203 2523 2381 1547 1903 268 1616 2598 1992 487 286 509 1693 1875 1013 765 1809 1647 198 473 2285 545 1295 2576 15 2072 1772 580 733 1397 2756 161 787 977 965 1216 1288 1736 892 2650 1539 1282 1909 17 69 1340 1442 649 456 2173 1813 369 2223 1171 1360 2677 2041 1491
1077 2741 439 1805 577 2556 191 2197 1449 2554 1958 543 1074 1107 2273 1882 853 552 2120 146 2700 1391 2385 1366 1387 142 1193 460 2212 1309 2426 2601 1898 993 1946 446 660 1368 2496 903 1765 2781 2018 712 1941 2284 1621 2185 504 2731 2326 629 408 1749 98 1377 1845 1388 2573 902 2444 829 1751 1437 1461 1200 1237 134 744 1433
2361 644 963 1715 2217 1441 1248 149 1595 493 1689 2002 2243 1982 147 911 2705 389 1514 2786 2102 1964 1270 2521 1571 240 1232 1102 1062 2599 244 725 202 247 2625 2111 430 2673 219 2210 394 2547 2499 227 2171 2039 2774 2253 2402 1496 2271 223 2645 799 235 90 184 905 1549 1165 917 1620 1928 411 991 2296 55 253 1334 2085
2483 2612 36 2144 2155 2158 279 2227 2239 1680 1083 1173 2797 686 653 2758 472 1488 467 940 952 2263 2177 29 578 2113 1742 1124 1258 1835 39 2502 207 2152 914 1068 1554 770 2228 2389 1714 836 1149 1394 283 1347 387 447 532 250 44 2040 1720 397 1653 2494 1021 1799 2795 745 857 2074 2641 916 27 671 500 2729 1029 1540
2401 169 1999 204 1934 2798 809 390 1706 129 932 1902 721 1527 1095 1640 1247 2585 1667 790 2613 2635 271 2702 2061 1475 2300 767 1824 2532 1872 1336 12 1369 255 519 1907 679 1446 1262 1185 1603 297 2142 1225 2110 1503 1234 665 316 748 1775 188 1663 2073 153 619 1586 1959 1877 1546 1372 2004 262 1020 1481 2034 237 539 2333
692 705 698 205 848 2437 2555 640 48 130 404 302 2298 731 685 729 2788 2525 296 180 1613 2286 2365 214 1317 442 2760 2181 344 2176 982 835 1567 380 567 680 1800 2191 2049 2141 1604 2123 511 1003 1100 1956 2270 1778 766 1732 572 1633 2151 267 2344 1746 186 2531 2105 361 333 2671 345 2453 220 1828 2724 2076 2528 2204
850 1313 2594 103 1464 687 172 1093 2221 2096 1143 2138 510 1161 1090 774 717 2172 1051 1183 1179 346 585 2784 633 1918 2770 634 13 189 913 1560 936 1122 1155 1392 2058 396 1619 1703 570 1298 2047 2751 1206 2404 1118 2083 833 868 353 1787 654 2775 2415 2668 2035 2275 2355 1646 752 2443 979 72 987 2438 2769 871 2245 2410
1382 921 1244 1944 1134 1472 2405 981 2563 524 2291 1147 2577 1004 35 2508 2432 1275 1854 2498 2518 1297 2175 1345 1584 849 1110 2706 2225 2565 1112 2766 2409 28 251 502 556 724 1592 2219 942 2403 32 2533 128 327 1335 1823 339 2386 2186 1293 2750 617 398 1844 2407 1762 2478 1634 1166 1466 2519 1537 1810 2187 1255 118 1757 606
2090 884 66 894 1648 1024 1827 451 2338 1862 60 94 1980 1512 2241 208 1654 1012 1429 1752 96 962 562 818 1209 1501 1784 1106 373 2165 1035 600 1428 2535 2504 2520 605 497 1593 2195 771 1570 2434 1583 1483 1034 730 536 1207 2754 2470 1599 877 2778 2345 2649 2237 796 1879 329 2343 734 972 2682 1509 2557 2503 2266 2376 1286
659 561 1949 1796 104 2495 2611 709 173 1702 1793 331 1566 2662 2007 2418 1610 1450 1435 1148 1502 210 2548 1127 8 2107 2292 1018 2093 19 1265 1076 110 1290 215 1699 2539 51 34 2362 1931 1359 1380 1417 231 21 2469 1180 1587 406 2408 2680 1977 1426 1156 336 378 2375 2454 2617 537 1320 221 317 1457 354 2317 1978 676 1836
2281 486 93 2209 1710 1473 2295 1724 2108 992 282 669 119 1731 2359 2388 148 1585 1038 2064 2777 87 1330 1132 741 2412 652 683 1202 2683 1631 1041 193 2467 1608 672 1278 2189 1576 1190 2157 1033 2170 2669 2180 453 2294 2476 970 2077 1182 1594 2282 1169 1474 236 1768 891 525 1283 2325 1432 1910 1529 2329 1605 906 230 696 1192
1926 2397 7 2112 1354 288 2000 2584 2367 1575 1460 948 2761 852 2384 2667 2398 2551 252 2283 2331 1358 68 479 137 1103 1043 70 1677 2530 2789 2094 438 2536 2666 2334 726 2104 224 951 1692 2435 1026 2515 2610 2368 688 755 840 2310 443 1406 53 2567 831 2441 793 673 2607 1965 1030 1801 280 2684 1739 2139 1868 1803 582 1120
1479 99 2505 1089 1655 930 2540 1802 1961 498 2661 1139 1066 801 769 1602 1440 2163 1211 379 2268 1588 847 2382 2628 1490 1927 2773 1477 1001 663 2391 209 791 2045 386 363 514 299 1042 2255 2390 1718 295 1061 1028 1790 1864 2272 1771 1627 1704 2725 639 383 550 422 2248 1419 575 2639 1383 715 596 1531 2765 232 1850 587 2646
2297 1007 1324 2021 151 2394 689 635 990 2616 114 2188 2674 830 1950 1996 2135 540 2631 2685 934 1984 1876 2457 1694 1598 1695 523 1252 2703 864 166 1897 125 2583 1396 1056 2472 1386 1279 2213 1109 74 1402 435 2707 1779 1625 2473 1111 1361 2067 1865 1577 2500 1818 393 162 234 949 266 41 2301 2118 63 402 206 1227 1027 1952
1866 2247 20 598 1642 515 246 1760 57 95 1945 150 1476 2516 530 2012 1874 2424 1119 670 1016 33 1948 2347 1641 746 1057 947 1756 1434 1381 79 2427 595 2546 1410 1804 374 2192 2595 2665 43 494 388 1420 2659 1674 1580 2174 863 2232 2116 1562 1053 2208 834 779 1421 2481 1467 2730 222 62 759 2422 1630 700 71 2710 2474
97 2370 256 814 2465 1011 893 141 1105 2477 1511 324 513 2379 1719 785 1962 2395 996 2314 2003 737 1439 1622 899 1009 2006 1557 983 2357 2194 2022 216 535 2794 1700 1117 2732 581 375 157 743 878 340 126 2274 1938 591 1870 885 544 590 1636 2131 2442 1940 909 661 978 185 1789 2207 623 2136 6 401 1519 2660 2672 1979
2526 1735 2541 2578 1005 2119 813 565 648 1770 109 190 2491 2238 1806 2290 1914 1289 1660 2260 516 122 1292 503 935 954 870 805 1697 924 112 845 736 862 2279 602 2091 2169 59 1264 1670 1412 75 2621 2056 1323 1414 2257 1015 1273 2696 1408 1623 1253 156 2522 541 2242 308 1196 2366 2792 177 1840 841 2768 2032 1365 2008 1607
521 22 144 1601 2691 2261 1080 325 827 1025 1495 1894 714 4 320 2092 116 2511 1101 549 2497 1541 1008 1311 2182 2647 1523 1454 2319 735 1046 1947 2602 2772 419 1344 1092 1896 192 61 1240 2740 171 1108 152 1152 1136 370 1783 421 2414 1350 1238 2637 2704 2597 1333 1565 2203 1969 1684 2031 1929 314 2431 956 2490 2636 703 1658
2626 1905 1498 2349 309 1019 2446 2029 2632 1339 1528 1044 531 1738 11 2572 1939 2587 815 2697 961 1817 1403 2542 2350 1048 1045 888 2575 2240 1133 2619 2471 1889 1123 2763 563 412 2690 1791 2149 1922 248 14 1071 2316 2559 1696 2466 1569 89 1284 883 1505 478 1157 343 1754 80 167 2421 512 2464 1656 304 614 1316 622 1671 2342
2591 52 768 1319 1 1054 1415 133 1516 9 800 2513 2593 1748 1521 569 2679 2254 1930 2749 73 876 2267 2514 1465 1753 213 1376 668 2145 646 2126 904 1351 2735 2609 1348 1291 1726 1849 621 2755 274 30 1064 1906 429 1932 1231 860 2256 31 1989 1484 1163 199 1424 358 2747 501 1384 1186 1596 2044 466 1536 1079 1390 780 1572
2246 2738 1393 239 1159 2776 359 2779 2289 2162 538 2224 1195 2652 174 2429 1272 1170 1578 2352 2200 1561 1162 1176 1214 2715 427 1558 440 1104 1808 284 677 2527 1352 212 1168 1888 2330 1679 2629 228 526 2589 747 704 2305 2215 434 1099 1659 1676 651 470 1447 2622 2450 2463 2783 403 495 1116 1487 2028 2184 2055 1141 1226 1296 50
1943 1857 132 817 1581 107 1951 2235 854 140 2068 969 804 2714 1728 2746 1786 1189 1711 477 624 352 2561 2059 2095 428 1002 880 1430 1638 2590 1175 1349 1713 1201 1451 2579 959 2075 966 1294 1861 2129 2133 2030 816 783 953 259 2663 2771 2433 2793 1073 1125 2501 2568 1462 2380 938 554 1194 2459 792 1665 1741 101 2411 2011 385
