50 90
878 3841 3313 4362 2875 2374 52 2145 4493 2334 3367 1253 3564 2959 3255 3101 389 1810 274 1090 94 2839 2593 2308 66 897 3838 1373 32 3362 82 3120 2584 4352 565 2823 3678 3628 889 2983 2903 2346 3470 2410 4038 1260 1772 1545 3843 430 4317 1586 594 983 2474 60 345 1234 2311 2752 2585 1372 3770 2735 2266 3978 1257 2565 2148 1334 910 3660 3773 947 1503 4287 1246 3053 4335 890 4330 3950 195 84 822 978 1233 633 1833 1742
8 707 1128 1673 3355 3741 42 4259 372 682 2931 1821 4006 364 2662 3131 3150 957 949 1312 4100 831 4429 4187 954 1610 532 2740 1748 1062 4394 2885 213 3956 2215 1928 1924 3782 2874 815 1075 2925 1487 1802 3618 2506 3705 1197 1428 3430 2562 2759 1211 527 2605 3984 1463 1015 2587 1187 1632 2324 2748 3814 54 4434 747 1290 2006 3857 3210 1576 857 1720 952 1449 1380 3322 1613 3247 2586 4020 546 2371 4240 3239 2176 74 795 4005
1010 3433 50 3181 537 2963 3107 1727 1341 1976 1139 3817 193 4488 1619 901 3790 1581 3894 1815 1794 1888 2353 958 3271 3493 3087 2030 36 4002 3439 4276 3558 3027 3505 4129 1186 4119 437 1415 1934 3419 1569 611 684 2550 1981 1809 2500 3452 763 695 1919 2412 252 3516 563 1104 3546 3537 774 1534 1805 209 1956 3578 4353 3209 1856 1285 3328 693 1134 1502 4044 4473 2898 1194 3248 2143 3342 2095 721 2241 3161 3550 2116 3456 4295 1274
2319 2062 2422 3217 4422 2932 2817 3286 1500 717 1865 1761 351 1600 1870 4026 2733 649 1858 4444 1739 1906 197 317 3651 3917 1623 3636 2987 1773 3542 620 2710 1019 724 4282 3934 1191 3015 1869 3691 1597 2400 761 228 3219 2744 1469 900 490 812 1721 3273 510 1122 4226 2737 2890 1704 2634 2861 849 2754 287 439 3331 912 4393 1210 3903 3575 899 1431 2181 3680 558 2460 2184 422 1718 2020 1468 1989 1831 1616 1766 3293 1470 496 739
3789 705 310 1574 1224 3277 3314 157 1634 365 4149 4243 1262 3243 1890 3711 4452 374 2160 530 2780 137 2025 1939 3076 2700 2561 796 965 2741 2217 3180 4313 2636 3832 1923 1408 1137 3602 1997 3694 1862 1133 2915 4190 1764 1456 3498 3647 2887 2338 799 3517 4460 3543 3581 955 418 3988 3924 332 4311 1242 2786 4302 3809 1552 4464 97 2782 2787 4247 4404 4410 205 1479 4466 830 4050 4222 1895 3948 3849 1670 191 301 3927 3290 3280 1236
2526 4230 4280 1922 683 4128 3160 2242 3130 2534 459 392 233 2394 3444 2694 3287 4181 4094 4301 4137 4113 38 3025 4370 788 217 2711 1946 4439 1184 1876 2917 4396 4249 93 3807 685 703 67 3191 610 3294 2383 15 698 1472 129 792 2830 2086 598 2980 1316 1058 3420 2090 1147 1707 4065 2455 679 1852 593 185 2712 3013 2849 3093 2577 1940 1879 2415 1637 575 1306 2158 236 255 3573 4051 2603 1994 554 2426 1148 4472 3450 2892 629
46 188 3278 3971 4183 2816 3007 2939 3603 4417 115 946 328 1309 183 2871 1455 96 1675 3335 522 4135 1808 4088 2209 4032 746 2164 617 2671 3600 4007 1442 3986 4367 2155 759 2994 1984 4343 429 1421 2364 3202 652 2948 2387 588 463 917 3943 125 417 2800 3878 583 4262 809 3858 238 1332 3823 1324 1064 2736 2007 935 1282 591 623 4145 3288 613 4018 1929 3826 2690 1099 3228 2576 1520 3415 2182 270 3659 908 2378 155 1158 1523
4279 867 408 3002 4423 3336 507 1914 2265 1420 4010 340 4427 2689 4244 4176 2611 45 1014 3813 2136 2703 2764 2488 3329 4350 2991 3709 3854 3742 751 1235 1171 126 2446 2067 1559 2812 3871 842 1326 2894 1036 3821 1163 3588 69 1692 3316 263 2470 3159 1650 3882 358 2746 2322 2043 3074 3411 2831 2431 1517 40 1156 697 3208 2788 2639 1541 458 1 3045 2021 1074 4107 1641 3797 4285 1205 1845 3819 3683 4389 488 3092 3311 1655 1376 887
3270 4433 2369 2439 628 1405 501 467 518 3423 2420 1648 2250 4337 1608 1654 2858 2756 1785 2719 1438 762 3472 1947 222 4139 306 2161 2391 1281 253 2862 1954 1078 3172 2133 2718 85 1276 888 3081 4001 3414 269 2846 2902 2679 2004 3989 1113 122 2379 4019 1779 3086 206 2016 457 3224 3111 309 3108 1841 1612 189 3361 385 3853 1084 2189 2790 4355 1783 3012 113 3772 1849 4143 4110 21 4133 3123 2414 49 2595 4474 3453 2464 384 2065
2619 735 3040 2956 1546 1555 4111 165 2053 3591 1388 1481 584 4121 3951 1644 4480 970 1878 580 3454 4306 4174 1465 1117 647 4310 2557 643 288 3974 2622 3133 2760 1022 4374 3272 2949 2814 720 2616 2315 2832 731 4331 3652 4401 2235 152 654 1854 869 2096 4448 4364 512 1830 1965 18 1212 618 2457 1114 1669 3106 268 1620 4144 1565 1964 579 3905 411 3692 2789 3502 1636 3587 2084 1266 2972 2252 883 1250 4443 2401 543 2574 2221 1611
1132 2631 1291 1258 2547 2670 3083 2129 3730 2640 376 4200 1921 347 3614 4043 237 1018 3897 2340 2279 1483 1259 354 3549 1293 303 2130 2329 3315 2545 2407 2365 1838 2507 1758 3972 700 4012 4409 4232 1591 3836 2492 3376 4344 2688 4426 3697 300 2058 1110 2134 1168 3138 2193 2341 3300 3658 4016 627 1818 2762 2232 3633 3835 4245 4421 325 2602 850 977 229 1491 2729 529 718 2100 4208 2151 4180 407 3643 2260 2951 174 3572 1629 3431 4163
3698 3337 2416 3426 1800 208 1702 1082 2870 2673 224 1713 1353 4188 2495 4024 2675 2621 116 4257 2109 3723 454 3825 2659 2402 2666 2168 1553 1073 3712 315 1522 2650 171 3353 4319 4484 1475 4123 2768 2924 3607 3004 2958 2876 3252 68 3518 4270 3737 2448 920 576 711 2549 3937 493 2979 1638 1843 3528 4160 419 1506 2195 1021 2691 2202 1287 2543 1071 2850 1307 596 1216 1035 1412 2386 2796 1790 699 858 690 4219 3512 4357 2531 1782 3775
4223 528 2497 905 4300 523 3590 1239 3967 3513 3869 95 400 4239 1484 1678 595 3148 1635 3218 1781 2843 3499 2989 3318 1024 216 581 2228 147 3227 3301 1864 2791 2418 1798 3566 4074 3764 2117 2466 3534 1746 1910 2864 1760 1204 2027 1244 2504 136 619 134 1537 78 2037 4445 1199 2127 2293 2225 4496 1944 2682 3612 3887 4390 2676 2262 2331 4486 3488 2254 1473 326 1076 4227 3911 2421 3902 3259 4391 4089 4483 3216 813 1005 3072 2668 2012
2018 943 1052 2794 2070 2313 968 1091 753 1902 3030 2187 4251 806 1712 2692 1683 2042 1044 39 3746 79 2123 997 1982 1851 3816 2512 1138 4156 41 1410 1357 3284 3642 3778 117 65 3211 2882 4083 1460 2525 1053 1329 440 1277 3383 296 766 3881 4061 403 3868 1106 814 4125 3973 3491 2359 1227 14 1368 298 2213 2997 3798 2913 2998 318 4198 4131 2501 680 4387 55 1321 1477 2297 127 1172 1013 2651 3374 1658 4246 81 1784 4225 1121
2865 1151 3118 1046 4159 2244 875 1020 1828 3237 1714 395 4342 2434 4450 1398 396 80 4298 3182 1903 1958 2935 4289 882 719 452 2296 736 3198 513 3046 3771 99 3560 1770 1732 2483 3085 4446 3509 1025 3586 1177 3326 3734 4458 2075 4281 2776 3870 508 4400 2444 4148 4269 330 201 3674 2942 3582 221 1867 4333 3479 3165 1695 1886 4017 696 3677 2783 4307 2146 1203 1142 1647 1085 2094 3036 4091 3511 2261 3042 4347 387 231 1130 1087 551
2548 3234 4318 3339 568 4304 2826 4358 2519 2424 1311 331 1803 2447 2614 1657 4095 3197 1703 3800 1835 1098 4056 2758 3562 4146 3447 2774 3435 3137 1948 1558 1986 3440 1385 837 3779 2797 4497 525 272 1572 1950 4478 4455 4341 669 1557 3579 453 283 3949 504 1103 2264 2947 1440 2717 2156 1395 1411 4283 108 870 2730 741 3806 2810 3617 3399 562 2026 2669 3176 896 1877 1119 2034 1750 3656 1563 2001 2326 321 322 1668 135 2408 2031 2910
2918 4332 2214 1461 3704 3684 2533 2282 2110 730 3758 1347 2074 4054 3495 3363 3398 784 3787 159 2554 4495 3486 4309 3610 2200 1464 3343 998 3895 980 1725 1966 2162 3760 92 1743 2336 2234 3519 64 3776 1627 1255 2591 360 2033 478 3421 1824 4345 681 3910 1023 3725 1009 4327 2919 324 468 1667 536 2309 469 2722 972 1538 3685 1706 207 1945 1190 4132 4228 1745 2355 2727 2851 3648 4172 2443 1526 939 1348 1345 3408 2194 1659 3400 614
775 2285 3749 4041 3815 495 3654 3412 3009 4210 1000 826 2929 3525 131 538 3545 2458 3381 2236 4395 2881 2263 1462 3540 1533 3752 2032 1200 323 2860 3822 2738 573 3856 2612 1403 240 3672 1459 1214 3192 2964 3149 862 1310 3608 2392 606 1051 564 3561 4184 996 807 3097 725 3006 708 3851 3222 993 2403 1164 3649 1771 1095 733 1705 929 2803 2083 3759 3016 2468 1741 9 533 3529 3583 1952 1677 1855 3349 2298 2478 2172 2185 1630 872
3175 2811 749 2013 3690 2824 3646 665 2191 421 1296 4182 4322 2272 582 260 808 2179 3139 2493 1379 1188 1192 3238 2290 333 879 677 1874 173 1161 3368 560 2118 2445 2863 2769 847 1275 3304 2257 4092 111 1160 4104 948 2432 655 4378 4085 3631 3422 4112 4268 3021 3722 2196 3340 1229 1032 962 1198 187 1873 2928 3166 1419 2397 4069 294 3635 414 2363 1979 3267 3865 839 483 3611 2835 2404 1118 162 3998 3959 4046 3736 1355 3796 3641
1738 2652 98 1755 168 2568 3073 3109 3601 367 3707 3716 911 1314 1643 791 2465 2809 734 4253 112 4151 431 1768 3174 338 3268 877 3405 3828 1527 3965 1992 2982 2530 2370 3475 1327 2684 1452 2368 2920 12 1495 607 942 2406 691 2592 2273 314 2855 941 3945 3098 3467 1261 2393 366 3327 989 1080 3461 4323 1740 4397 2375 3230 4308 1998 4248 1354 4175 1225 1179 710 3299 2132 1525 737 23 2785 412 2853 1664 3018 436 3187 3022 3837
577 1107 2490 3296 3964 3898 1926 716 3861 2294 3442 1111 4284 3369 2889 1271 3026 4290 3792 4442 1769 1249 506 1402 3482 3168 1995 2888 6 975 211 1169 1390 3538 1571 161 2624 1272 3305 2019 1598 874 3535 1371 1070 1065 3500 3170 2678 3886 1054 423 3570 1860 1528 4220 3920 2505 281 273 204 3323 1418 2405 156 2647 1983 1549 2482 3644 787 4009 1579 1812 494 1072 249 405 262 1208 3464 4058 3490 1123 3889 4292 472 3282 1178 435
4324 3982 2686 1621 864 2314 2255 1899 461 2995 540 164 3309 1836 2770 2943 172 641 1932 1154 2274 1693 4168 3041 3667 676 2429 3555 3762 3125 3766 592 455 2246 1100 3968 805 1551 3893 1696 175 1451 3906 922 2767 167 2827 3568 898 2804 4167 2174 89 1426 37 1059 4206 192 3969 4011 4368 2219 1207 1457 1443 1458 974 4430 3995 2524 1575 3497 3235 1501 2527 557 3283 3638 4213 852 1550 3141 3167 1607 2177 2390 261 2052 4201 34
4101 2763 2657 2475 3855 2836 2269 712 1509 2755 963 1866 13 2528 3955 1063 4211 2798 151 1820 1889 726 1688 1626 3244 2821 235 1094 969 4266 1486 432 1333 4199 3527 1797 2893 1515 4189 2905 3457 1978 3183 4177 1507 3795 630 4215 3801 1349 1908 3510 1351 248 1450 480 790 1847 603 1366 3939 1167 2103 4485 2 4034 3929 470 2023 2462 1217 3503 2281 767 1298 3580 673 2944 3203 777 2011 2039 2063 2773 797 4138 2097 2044 835 2653
1446 3474 793 1175 1915 836 3676 1661 2276 1247 4465 4482 3940 840 1731 473 3831 2778 1174 605 243 4194 1996 410 3378 4076 4096 2806 4234 738 956 4463 181 2190 1532 2477 3756 3530 2937 2178 2857 3985 549 1941 350 1536 2108 3094 4274 4372 764 4499 3193 2896 4236 1263 3067 2128 3908 1585 2926 4098 3088 1844 4015 1516 2203 3480 1631 2516 2141 1504 2840 2430 2609 1300 399 109 267 145 2761 2579 22 3061 4120 979 266 2779 4060 3812
3194 219 1400 4490 2152 1584 3830 992 2599 2723 1448 393 651 1628 3777 1105 2930 3334 3371 2660 47 1162 1776 3407 2450 53 200 3799 810 3487 2901 3147 1789 1146 3976 3295 2815 3994 2253 4166 3413 4441 1129 2784 359 2268 1436 101 150 3496 1606 1715 2606 1081 950 3387 1358 542 2632 3622 1840 3223 1582 2442 4288 1690 2848 4428 2479 2201 180 3135 334 3260 3116 521 674 1691 1221 3735 2064 1041 3341 4425 4250 2302 642 4084 2120 1492
785 2581 2106 1699 83 2050 4216 4487 3565 2513 2828 574 2792 2916 3302 2349 2398 772 3615 3163 1425 2104 2571 1920 2291 3151 2847 355 2333 2643 1651 2188 2107 843 2428 1231 75 2245 4380 1284 3701 2714 1896 3055 1935 926 3048 2536 2305 2667 1414 2841 170 4338 868 2627 3788 1662 3115 851 3755 3514 1762 3064 2080 722 907 1682 409 199 218 3606 2015 2765 1916 29 936 587 1829 1577 3438 3703 2911 2569 2316 2572 1518 477 1003 2936
2499 4122 4491 2367 2552 3142 3096 1640 1724 4272 3285 4195 1751 2330 1931 2295 398 638 402 1430 570 2088 1093 4273 755 3765 2150 3740 341 1435 1392 964 2558 3532 4382 3129 3049 3679 4141 2844 893 2707 3448 2837 2022 2566 3291 3780 2873 1173 379 3476 3584 3952 940 2510 3827 1521 2461 2807 3876 2081 1127 247 128 3553 2451 3145 1183 110 2575 3091 2795 3019 1972 1061 921 966 3630 485 1796 1330 1905 3460 909 487 2061 3391 2480 2564
3114 1344 2409 1067 3229 4185 1530 2352 3443 2645 1096 3921 916 3661 1887 624 2119 446 1445 2820 1303 3700 3803 3425 3110 3250 1378 1912 2239 4099 3845 2934 804 3254 3619 3157 1711 1325 373 246 3733 516 2598 466 4241 675 3717 4013 2708 1514 3626 3850 3912 4293 17 176 3657 77 3879 3750 2715 223 2968 2046 3506 1624 2878 2567 959 4405 1444 1209 2990 7 1202 2071 31 2212 1308 4235 3785 1728 903 3864 1804 4207 2781 3264 961 2197
3935 1027 1474 2270 163 2320 988 3465 1590 1381 1708 2224 3727 2226 3824 2056 285 2953 3127 819 3332 1955 701 1736 3204 1535 2238 1510 632 2318 3966 1918 3246 1396 3883 2556 2973 1471 1206 16 3014 2697 838 502 3089 4205 2436 1377 3306 1320 3011 404 1893 2303 214 3410 1102 1315 3515 3907 3225 1195 728 3891 1422 1834 2419 1603 1215 2345 2339 1589 1807 550 1777 2945 2453 121 3226 706 2192 1441 1548 102 3521 3017 1775 4492 2441 2284
1519 1957 2211 3124 2900 3539 1185 2183 4476 589 4049 11 63 4114 1363 3471 3033 107 4377 337 3732 2144 70 3143 132 2306 1223 885 3232 3596 194 282 2560 1170 4022 4314 771 2597 3970 913 1949 985 2054 3918 4424 1930 1963 2965 2101 2726 2720 4115 2655 276 244 2121 3884 2630 1394 4021 3321 3389 1556 2438 3310 2112 492 2092 4106 3508 928 2484 3257 1722 802 1343 1336 2170 3526 397 3185 4415 4078 1671 2356 986 313 1135 2658 3501
1846 86 1034 2433 3177 811 2223 2638 104 2003 723 2307 1578 2317 1047 2325 3605 329 671 2601 1882 902 2124 4468 3977 2590 559 2351 2559 3632 2620 769 380 3121 1097 3236 1434 1338 2553 1498 344 1936 3029 1042 2511 2834 3269 1717 4316 4221 3670 1592 2166 1752 4414 2961 1322 3665 658 4258 1531 4000 4202 1201 798 1362 2038 1897 517 2288 667 1039 1350 597 497 3379 1823 292 824 3589 4453 3468 650 438 3919 2509 1323 1136 3062 604
1219 616 2927 1602 661 3888 1909 3032 1482 4346 1617 4407 1269 142 3344 1596 4271 465 2208 4312 3173 1112 3761 531 3926 4303 2813 1387 3714 3348 3681 3901 2681 3810 4077 1228 424 2664 4086 2258 184 2517 3466 876 4102 2544 290 3031 2210 2481 3436 1292 3370 462 1757 1735 1360 2256 370 4242 254 782 3571 1011 4057 3010 3112 3186 1159 3445 3947 4105 3688 3784 3890 4418 1601 3395 4471 3359 277 1827 2051 865 2749 4237 3207 1710 1238 3364
2175 3671 3804 3604 443 289 3666 4003 1729 2745 1863 3594 2105 3620 1196 3 1155 519 2993 4263 3214 2111 1365 2699 3842 3403 4231 3713 33 3102 3095 3266 1120 2974 377 320 1340 541 3489 4233 3324 44 375 2573 3839 1765 622 645 2149 241 892 3384 1499 2838 1476 1060 1289 363 2986 4042 4039 420 327 881 2685 960 2705 2459 2538 1911 1152 3808 3039 1040 2091 3531 4154 3645 2310 4299 3385 3481 2066 1566 2312 2728 3023 3507 3544 210
3060 2594 3375 934 3874 3909 1733 895 1288 2173 3418 1037 106 973 286 1570 880 3613 2635 179 1872 234 861 3251 2922 569 2366 3547 664 2648 4385 1437 2218 4053 2960 1614 2073 1489 3751 1891 2777 3195 1819 3242 450 2115 1083 1280 3126 2494 3625 259 3904 196 2706 1359 489 4403 275 2247 1180 2923 2880 3983 688 678 1822 2946 3319 3024 845 169 426 2230 1404 3184 346 2437 2360 4388 3928 3054 1653 2358 3975 1817 2912 4461 4399 3693
1513 3504 3117 4449 773 3592 3233 406 4037 2532 3338 1562 2966 2068 434 586 1962 2498 1883 1017 2147 3069 2486 937 212 1407 2029 3396 4470 3382 3634 3623 4179 2278 1026 4267 2216 2695 3616 2380 1774 1848 388 1433 578 1539 3834 3372 20 3833 1145 670 444 486 1618 644 1974 3473 1529 1335 2343 599 3574 2623 1342 3388 4371 2515 4334 1493 846 220 1686 1182 1176 754 3877 2952 4170 873 3446 3065 2799 1254 3786 2529 981 2372 1665 3938
1033 3627 2674 2048 2637 3196 2580 100 2617 4029 456 3000 2154 2523 1588 2328 3916 1615 4402 4459 1642 3200 2388 3675 2975 640 2879 342 2035 4255 2354 4435 1960 4165 1666 3629 967 357 4275 3639 4031 803 28 817 1744 3059 1413 279 1045 1424 1131 2014 1599 526 2854 3350 3524 4196 3552 4212 4456 2883 3820 1305 1286 2502 1885 4162 4030 3728 4153 615 1383 3320 3212 818 1056 4412 3793 4155 1230 3996 3769 352 3852 987 198 143 3673 4359
1980 1485 291 339 284 2704 4469 535 1124 4375 2610 2702 742 2240 2822 3960 3875 1674 4351 704 3261 820 35 1304 4068 2899 515 1913 1432 3346 3037 848 4217 3077 1299 2867 1427 4071 1181 1126 4277 3356 76 3957 1859 348 4376 482 4140 305 3190 3846 4431 740 1265 2357 4411 2503 2649 3071 3997 177 823 4152 3152 271 3847 2907 141 1649 3279 30 3829 449 71 1933 3567 2877 1004 3541 2186 2249 2047 2866 744 91 4117 1719 2440 509
3718 2957 474 1012 971 2287 4109 140 230 4457 1754 1726 4157 105 146 4164 484 3915 1006 1881 1317 4500 505 1544 1505 1480 2757 2607 3925 2041 2976 2661 1141 1759 3437 1971 3281 2472 1115 26 1792 4363 415 687 3377 2537 3392 3963 1825 1397 4297 2954 4192 1511 1029 3593 3156 3325 3253 3559 3213 1594 1938 1297 4296 1898 2327 2126 1389 3872 3179 4369 1331 2198 3068 639 1089 3455 4033 4451 3494 4081 1267 1454 1220 4004 2337 2342 1716 544
1245 689 3171 2024 299 1700 4218 1871 2988 984 2739 3932 2206 765 1386 1767 566 4416 3536 2914 626 3317 3292 3406 2542 2539 3079 1490 2082 1101 2376 4158 668 951 2967 1043 2933 1213 3726 2771 481 3462 3429 4321 3263 386 1778 3333 2615 2113 3748 511 2271 1252 3424 4059 2350 1140 894 2167 250 3702 3056 2093 779 1301 1038 4379 1927 1756 2384 2138 2491 3365 3794 1839 239 4203 866 138 1801 2377 3303 2940 871 4406 311 2283 3763 686
2344 2514 3689 1853 1685 1497 1857 2801 1698 2289 1092 3057 3080 4252 203 2411 1361 3402 778 4365 1680 87 3892 2818 190 2304 3913 4467 2520 1352 2884 1423 1270 1241 1512 4320 264 1880 166 3774 2696 4193 1991 2955 1842 3158 3256 600 4045 2423 3084 2891 1002 4025 4062 3987 2551 1364 4027 4067 51 3946 2570 90 4339 2731 3034 3354 3896 4373 1904 1567 924 2540 2347 3249 3360 1780 1077 1150 1295 4093 621 2045 2642 666 4229 886 672 2563
1001 307 312 3743 752 923 3695 4147 1605 2672 2750 3063 1050 4436 48 653 1749 3463 1985 2582 3708 4079 1709 2180 2992 4108 3802 4186 2229 2399 2984 4477 148 1384 304 59 2471 4498 1189 381 585 3070 88 3351 1787 1318 2222 2665 1959 727 659 4291 2135 3052 4261 4090 3240 3914 4036 460 3533 2395 1587 3164 1951 635 3873 3347 280 4066 3585 4348 4028 2859 3401 1251 2886 4124 4329 1370 1008 4238 567 794 1399 242 2753 4440 3128 1580
944 1813 3958 3469 3729 2207 3205 1646 919 2709 1278 976 2743 3569 2137 2522 2588 2060 2286 1786 343 715 4173 1645 2171 133 3979 3738 4294 1524 2978 4169 2489 2721 1925 448 3155 2476 73 2389 1969 4116 382 2243 4097 3397 3199 1689 1990 786 2578 226 295 232 3373 3358 1568 2772 1593 3715 3075 1547 2280 931 2348 3653 2625 1961 2036 2970 3245 4381 750 56 256 3954 545 476 336 3169 2335 2596 3140 2535 2698 3459 3548 2102 3105 103
3307 3791 3008 2546 914 4008 428 3005 3866 1240 2732 427 602 3860 3134 144 1953 390 1086 745 3058 3432 656 1069 2467 391 991 768 413 4118 821 2300 4447 2977 3599 758 3885 2583 999 2220 945 1639 2604 834 3276 828 547 1447 1681 1791 4204 3669 3557 401 3221 2237 2079 2802 57 3706 1753 2233 3663 3201 3992 3767 2555 1694 3477 2259 4328 2808 1672 2663 2009 2908 3686 844 2142 3153 4047 378 2725 853 3220 1977 3345 1900 4023 2002
349 930 1868 1157 2618 3104 2417 1256 3103 4014 2332 4408 2473 1328 2361 4278 3609 1283 4161 186 2683 3980 4315 4 2734 3357 1763 62 2962 1478 4494 316 3720 2680 2299 3867 4214 503 1633 3624 646 3923 1987 2321 1542 1814 2938 3409 539 2125 2589 3668 1243 3393 3991 2010 2613 3189 2677 335 2165 2078 1875 1153 2985 3523 1149 927 3687 4209 4392 4254 2742 2159 4126 648 3710 3933 1494 178 139 3696 2895 2248 884 3745 662 2644 3999 2059
1942 2008 3556 1687 3428 4136 1488 3848 3050 1850 1968 464 1795 2654 2072 3297 1166 3078 3655 123 2099 2628 2114 1793 663 2277 2897 3961 2641 1937 534 160 631 302 2909 1319 2227 2868 3485 1595 3811 1346 2454 19 1218 2904 1540 1999 3380 994 124 2199 780 1294 3178 3637 2085 1564 3478 1279 3993 776 829 612 2131 552 1382 1055 2381 2724 4063 1356 3028 3724 499 520 4142 2425 2049 2000 1416 3931 1193 491 3188 1861 3731 990 3719 2819
2518 3100 601 1057 1125 1302 3416 1907 361 3990 760 308 2869 4197 1066 714 158 27 149 3595 2747 2646 748 4127 153 2231 571 1007 4035 2139 3154 425 3757 1622 692 4048 3352 479 1656 2969 3312 251 2153 732 2950 3298 982 3554 3132 3682 2608 3020 3162 225 498 2163 770 3662 2077 2600 202 362 2833 1508 4072 4087 416 4265 4384 3265 2842 2017 371 2413 1967 1467 514 3577 1116 3043 3003 3044 3434 743 1583 1088 1975 713 2633 4481
3241 3744 2323 3621 757 4080 2626 2205 25 3899 3038 1573 1079 906 4064 1237 2005 3417 3953 1313 1604 2301 1652 10 1730 2251 856 114 3863 1901 3520 24 4413 4420 2521 4360 3936 2098 2040 4055 154 783 860 4479 278 2055 3576 1391 3113 854 729 2469 933 915 3082 4052 4075 120 904 3427 1894 3783 182 1264 4489 297 3275 3492 932 3818 4454 2751 4340 4073 1973 61 319 1496 2852 1165 2169 1273 265 43 4082 1543 3136 1701 609 4256
3900 2157 2775 3922 3862 1561 1248 1811 781 2057 702 634 3664 445 3330 2452 1697 1560 4224 3274 2373 2845 3754 2362 1837 1734 953 3598 4325 4130 2805 1625 3099 608 58 789 2996 3840 2435 938 2487 72 4178 447 832 2856 2204 3386 3805 3563 119 995 3739 3122 2028 3231 3753 3258 3859 4437 2687 3449 2496 3366 1970 637 556 3981 625 3483 1367 1943 1268 2999 3597 816 4432 383 1401 1993 1453 3721 1375 3441 4264 3484 1676 4383 2766 4462
1393 1016 433 3699 1799 2449 2701 2793 2456 3640 709 1109 1048 2292 2382 1439 4336 1232 1406 4070 827 2122 1144 859 1832 2069 833 2906 4349 4475 500 2921 3458 4326 3262 1917 4356 3035 2971 891 3747 4286 3942 369 471 3001 2076 356 4398 3650 4191 660 1369 3768 4103 3390 555 3215 1409 2713 2427 3308 3066 2275 1663 1884 3090 636 1417 1466 825 215 1747 561 1892 4134 3451 2872 5 3394 441 4260 1031 548 245 2829 841 227 1609 4040
918 2267 553 1816 1049 524 3146 3941 1337 3944 1429 2656 1723 2941 801 2825 3047 1068 2541 863 3930 2981 1826 118 130 800 1988 4438 442 2087 2508 3206 3119 4150 3289 2629 925 3781 2089 694 3844 1143 1028 756 1030 2140 1339 4419 353 3880 4386 1660 394 3551 3051 4305 572 1679 4171 1222 590 1684 4366 2716 293 257 368 3144 657 855 258 2463 4354 1806 2693 3404 1374 4361 451 1554 1737 2385 475 3962 2396 3522 2485 1226 1788 1108
