90 100
7780 1775 164 7320 3417 6467 1208 1309 1113 2388 5712 7036 6395 4557 5908 4746 6313 7181 3616 7348 4688 4013 789 2222 3218 5649 6641 3848 4326 2293 3163 5405 778 1674 2527 4114 1207 3721 5713 8867 6088 5992 8199 8981 3030 5008 6700 7413 2205 5319 2738 3797 6048 1680 7595 3257 1568 4777 6768 5113 4662 4323 8620 8123 7710 7690 1931 2185 3685 5333 2616 1108 316 8649 5402 2496 6945 2994 4501 5256 4583 81 4272 5832 6119 4410 7615 922 713 2168 7846 2480 7860 5420 5618 599 7328 8512 4998 1619
7586 8784 6308 6494 683 2653 4647 4453 3062 7975 4978 1322 701 2439 1622 8192 1353 6248 908 6646 4550 8387 5940 959 1951 174 2630 1811 3270 8289 2751 4696 100 2438 6061 3985 2695 7620 7759 2970 5692 16 8082 5707 2219 7854 3266 5684 150 3548 1803 6148 3729 6267 4772 2405 879 7212 3490 3597 210 5957 1481 2724 2909 8067 2508 6090 5334 8389 8733 5652 7300 6021 8516 7081 1774 8544 4943 4580 4281 2400 1724 4293 8886 8479 2058 7236 6606 5830 8315 240 3516 189 2459 2936 4599 8935 8397 5145
3190 2577 1703 2206 1670 8113 3815 5310 2748 3811 957 2455 1363 2198 1800 1396 5141 378 6474 6086 7653 6195 6044 8181 8770 2771 2884 8465 6406 3261 6579 7965 5976 6109 4993 4706 8918 8011 1519 1883 7915 5317 7406 5048 6546 1830 800 12 1660 6952 4341 6903 3387 1576 4551 7125 7120 258 4212 3767 5456 6057 7852 2036 158 1870 5687 2445 6774 3786 935 6929 3078 640 1839 7199 4807 5257 5945 4470 5602 4934 2159 5869 7228 1428 6383 2349 8176 3406 5975 670 206 4002 3107 7602 7914 1087 7889 3493
4288 6846 6713 3978 3758 8803 3223 756 2018 4487 5691 8996 1512 8322 2210 4227 5745 8179 2126 8922 3766 2421 3733 7588 6439 425 575 7427 2908 3652 2933 3941 3906 3725 1040 2820 8321 4035 580 1690 1743 6999 3938 7538 1111 3371 1057 8311 1378 8610 5792 165 5122 5934 92 2002 5557 4560 5705 1658 1793 8453 6591 5296 2073 6445 5017 7338 1264 8152 4088 8339 331 4747 7681 5473 569 2357 2618 7979 6087 7419 5302 5740 2721 6041 5950 3672 7875 6079 4238 1729 473 1941 5538 6623 1698 7054 7725 1980
2374 892 1249 5947 431 1260 6702 3167 4831 3032 7655 399 8119 4398 8135 1314 1531 6595 6950 1418 7084 4365 7052 3430 7214 1109 7517 3243 2412 5555 3804 7039 2601 4429 3732 335 1845 4391 3759 4368 630 8404 3642 4271 6622 259 4642 1404 4103 2673 625 6870 5836 7038 6687 990 1299 8945 6253 6900 3212 7757 2558 5639 4099 768 8408 4019 8730 8811 7900 2313 6273 8398 4355 293 1065 6547 7010 3186 8654 6515 8819 8808 5637 7700 6327 5621 804 5427 5248 5032 2587 8016 825 2307 2022 3691 4050 6828
5531 2887 7593 8887 7627 3222 6670 8504 587 5866 7258 7634 5066 6647 6166 1422 7701 6615 6311 6110 3459 1532 3447 2895 6831 8750 704 4425 6064 3966 2576 607 4451 5173 1140 6654 4972 787 7685 4961 142 4994 8885 4987 5382 6894 1365 7721 658 180 401 3216 6123 101 4955 1495 5001 3248 7464 1492 8373 5702 2010 8286 3704 5969 8132 3624 5973 8423 4213 6873 6636 7570 7407 8293 621 2211 8903 8769 6402 6447 3573 1328 5331 1955 8052 6599 7112 3006 4376 8395 7566 793 5568 1312 7696 2595 7324 239
2523 8682 1657 2142 5823 5548 6645 8637 3577 7335 2422 612 6597 3253 6117 7428 7684 4919 5146 980 8966 118 2443 121 7047 3598 8097 5785 1906 5152 4067 5807 8388 7945 1085 3058 6039 318 8069 1730 6028 6726 3782 8193 1490 1783 8469 8990 3785 7508 2844 5862 1466 3026 8094 5289 6618 1061 6038 4819 1283 1742 3783 6590 2573 2750 5634 1525 4186 1066 2743 396 5068 5355 23 2637 3752 3259 3137 1007 6525 2658 3772 977 6912 155 1132 2900 4648 8737 8870 7225 717 2684 3717 3511 235 5501 6530 3832
4700 5535 4624 7190 7213 1068 7456 2776 3705 329 3719 7665 7551 8633 2607 8139 7749 698 4856 2147 3728 45 689 8909 6839 546 2582 8049 8988 2358 91 7370 7418 4913 4351 2131 8208 3134 1115 1320 5227 5100 4970 8102 5170 7813 5092 4243 5180 2869 4191 949 5293 6304 4986 1596 4179 248 441 6238 2659 721 6850 1035 1821 2889 3129 954 8863 4565 5215 3018 7826 4169 5053 4726 134 202 4812 5552 8607 7266 1330 8254 2182 5480 8983 6085 7262 6698 2642 3047 2230 3010 3494 8601 7474 5737 3680 7261
8821 6032 1639 3909 7429 6773 4405 1635 2937 4843 4478 4663 7241 5577 8418 35 1771 5601 2632 4666 2340 3793 294 592 476 8913 6587 6833 7737 304 149 3477 5719 1269 6257 8938 7662 8932 3467 549 8391 8986 5330 1470 3803 751 6192 2178 2181 562 4816 4753 3153 5562 8081 5547 3317 6262 5751 4793 4012 199 8200 4683 3632 7146 1474 8523 7794 4214 1253 2203 375 2608 6621 77 3959 2292 5660 7075 1763 6918 7168 5110 7098 1998 3566 5916 1819 8428 5463 3007 1125 2604 8577 4880 7291 7454 5928 8367
7773 7435 7362 3824 3887 7425 3407 4922 2687 4308 3118 6769 7873 8836 5953 8458 8290 5033 6779 4625 7042 2765 654 1135 8144 4827 4335 6072 5286 4989 4861 777 6578 8992 5699 4139 1640 1485 3146 1400 6837 8323 1776 6568 6955 305 6737 6745 4865 1078 6927 1994 5943 5662 1316 8658 2338 7712 125 52 4283 7134 3549 6849 6360 648 5695 7902 2777 5985 962 2993 6962 6366 6488 157 2485 2269 5027 6484 4291 6728 5585 2160 6930 2566 2345 5805 4448 8957 2065 3378 2770 8055 7608 6735 2283 7341 251 7352
1600 3541 4751 1989 1843 3854 3301 1837 2668 634 6105 7980 544 3763 2054 387 6869 8937 7556 4165 3727 1932 4669 6167 7355 6266 1706 5599 7347 8802 2760 7816 6431 5901 8777 53 6343 442 7421 2538 3621 1842 4631 877 4173 468 3796 7693 3841 2815 3726 424 5946 5213 6644 2467 2180 7863 3398 6314 1563 1473 637 1041 322 536 3944 7128 3917 2728 8076 7908 7601 5072 8673 6733 996 3589 19 4318 1918 3034 3252 7928 2902 7611 6209 1202 6341 2246 1869 6649 169 3077 5022 4037 6323 1643 5897 5786
1802 3408 5474 5282 6387 3714 6972 3834 5543 7506 4829 2312 3694 1928 8776 7557 3156 1665 8844 8533 6425 3161 932 6567 4845 2563 671 708 6460 7866 5873 6069 4060 4757 6463 3789 65 8902 1417 948 2118 5665 1449 2964 8629 6413 3553 6669 5327 6372 6899 7380 1885 8396 2104 5365 3269 257 1272 5034 5917 1711 3656 7282 4514 1331 8962 5895 5154 998 6063 3268 3357 1281 8023 1861 8194 5847 7290 8772 7332 848 608 3422 8627 8457 3188 4314 1307 1306 1572 6219 1509 1543 1857 5338 2502 999 3643 4724
6886 4559 7731 2341 6053 7896 1713 6554 279 4787 2945 7784 2248 5781 3072 3228 5222 5475 5172 3537 7006 7607 7345 6921 7378 6352 8638 8812 1878 4546 1917 5087 5645 5090 3908 5887 6638 7753 2692 4360 5352 3741 225 8493 312 1201 1278 6970 6574 1668 667 3994 3709 4977 136 6959 4397 8865 1599 7545 6877 4185 5587 2874 695 2382 3671 8481 3659 4549 2761 5447 8444 2624 2195 6095 351 2192 1593 7821 4136 6617 3716 6307 4611 6911 2200 5175 7433 6500 232 2841 4255 5835 1333 2758 4744 7793 8651 5417
8760 4128 3801 6364 1591 7323 2965 3722 3543 6898 1082 8676 8172 2331 2870 3686 1496 1726 6905 1105 4785 4941 4894 696 135 3828 4160 7535 8206 392 8801 6505 2136 7918 8915 6512 1854 2706 4346 6633 4289 4500 6799 8383 1313 7751 7149 1697 115 2979 6604 2271 8740 3315 1991 3979 2046 5693 3171 6517 8822 6340 1292 1808 5084 1882 6316 3809 1352 3473 7373 5818 3302 5518 6817 2766 3998 4781 4948 8425 8080 2712 4995 1379 556 8287 572 8175 3416 1050 8212 2372 1388 6823 3246 1251 2363 2998 7465 2732
123 6437 31 3294 3409 3051 8165 7058 490 4645 8308 3194 5654 5378 1075 8564 270 616 6033 398 7883 5505 133 47 5942 4907 4135 3532 1526 3461 7951 1517 6996 5465 6205 1436 8517 8704 6129 122 766 1216 5432 2476 1056 4616 8710 7824 3021 8875 8618 8046 2992 4000 8215 1797 303 3381 4702 6348 5243 2264 1656 7281 8972 8284 836 4233 3874 8157 4771 1415 7571 8900 4298 956 943 1224 5051 8325 6389 1699 4760 5735 2342 7119 7221 7763 5219 2754 2223 7135 6923 955 5208 6062 4116 7871 5755 6045
6614 7998 6122 1185 8411 4063 6196 485 1877 4340 8661 3935 2564 8818 659 3206 2597 2161 6220 6836 5949 8358 7624 5694 8970 1801 1754 3119 8725 7521 2788 5429 3207 7172 3619 8075 2048 6759 3272 3605 3334 3110 107 8756 4183 5806 5673 2737 5905 632 5349 6161 2797 1090 2633 5605 3367 8252 794 8333 2612 1950 249 3457 2703 8652 8639 6984 8617 1965 6973 3025 6980 5533 6664 5703 502 2762 8000 3858 2427 1247 3395 2152 4799 1876 7966 1401 2823 4450 3576 8964 3011 4823 4159 6764 1402 6680 7772 7226
6975 3209 2974 8227 7899 8506 6465 6371 7162 5746 282 7939 5409 4422 7761 7238 4992 6539 380 2257 2885 1044 5320 6613 4023 542 7049 5910 6939 7045 2988 2783 5369 934 8843 3411 7377 1693 3777 2444 4249 6796 1814 2816 184 1905 4027 2217 2145 749 8832 7061 3984 5301 7371 4633 994 5858 984 6835 4224 5669 4503 2255 8573 6171 1280 3925 306 7920 1946 5656 7257 4081 4072 3567 610 7973 4375 731 8331 216 7011 3082 236 219 6524 3295 4701 4603 1804 1911 1893 1405 7002 8304 445 4327 2060 6711
4902 508 5058 3347 2681 909 7688 8452 8225 4888 8519 1741 7544 2384 3057 7326 4395 1838 7483 2218 1324 1605 6866 7728 7806 1229 3322 7651 320 5278 4217 1722 7127 2032 7989 762 1894 2463 712 6545 3578 8827 5797 8798 6206 456 3265 7747 497 1871 2667 8732 4196 382 2948 8982 7173 5732 7884 5362 8319 2716 3276 770 8116 8427 865 4606 4176 6233 7592 7056 7839 2569 7025 5178 3960 8484 6966 3054 8846 2346 374 1681 1081 6947 191 5964 109 6285 5616 7840 6210 8447 4614 8421 8004 1199 5963 79
3335 4065 1557 6914 4421 4307 796 1673 460 1678 8112 1618 8845 958 2757 5833 3658 8142 3291 4520 4189 2756 6963 6277 6396 4929 1038 2368 6155 895 5623 8415 1637 7733 3552 7843 6763 8063 2367 8804 2938 7686 1332 1986 94 5419 6935 7927 5629 4643 2978 8692 1217 2240 5329 3859 2077 1780 541 7240 724 6442 4796 8535 7030 8472 3284 6776 1005 7919 5082 1262 4420 4513 619 5872 278 537 8936 4540 7247 1397 3403 1812 357 1453 3286 7706 781 761 1234 3791 3933 6211 3442 3884 7830 926 2514 2835
4975 1469 8958 8261 7502 1700 8951 1225 1671 8569 4828 5210 6246 2847 3458 970 3920 7769 697 4406 5727 1848 2282 6471 2407 2960 6293 2764 1765 7245 3484 2037 1354 1184 7383 8948 1787 2139 5030 732 6393 5308 3587 2858 330 8742 4882 3445 1221 3249 1383 3264 6840 5043 5986 1569 871 4444 7726 7137 7315 8839 2171 1248 3300 8657 7473 6883 1502 6815 2049 8170 2954 7822 1683 4592 3964 6583 7336 2861 102 7891 2001 7436 5770 467 8895 910 2670 397 319 5239 4262 5315 4384 6878 680 5236 4915 8366
3968 6857 2793 2184 3140 4850 3421 6295 3175 5889 5977 472 1022 7050 1067 6076 3768 1826 7755 2683 3242 8901 4530 2404 7511 3676 5112 6075 7485 7313 7438 326 6208 3648 7185 7548 2539 3023 5460 4803 8235 5416 3325 8507 4637 7467 3856 2686 3664 7577 826 3711 5539 5738 5725 3861 8096 3485 3133 356 8837 7804 5109 178 1048 2272 3427 2942 3634 2541 5050 8950 7486 8332 3536 4259 4630 7494 4510 7420 5494 1265 764 3976 1171 1829 8073 3380 5300 4369 5020 7032 3825 7703 443 1374 6806 2028 4324 6513
6785 1154 1009 5748 63 7404 2551 7437 8087 6309 7349 2323 3930 1614 1369 5915 1738 8557 4717 5657 5722 2800 3084 6757 3497 8058 6715 8211 3539 2004 8297 2578 1197 635 4773 3703 4742 7452 7782 8483 7937 6565 4736 3071 8648 3131 6228 8298 393 3666 362 2158 6944 273 887 7580 1236 4048 733 2723 284 5664 4493 6570 6852 7460 5789 5358 1982 2359 6868 2347 7116 3924 4830 6426 6298 4241 2935 3702 6133 8587 5511 4906 1565 4832 7820 8471 4193 2099 7307 2913 1595 4765 8690 1685 1168 4481 1010 2062
4071 866 5311 2373 6455 492 6729 4543 1191 275 7219 6744 4208 4797 4608 7630 6721 2742 893 6967 1073 4924 4062 582 6153 10 3310 863 1134 4558 6394 6289 965 6746 3700 7987 5115 8382 889 6777 8705 3514 4719 2827 8926 1835 5559 7107 2446 3898 5784 7713 4389 1889 152 307 818 5761 5688 5431 3987 2876 2810 4079 2707 4180 531 8264 1961 5029 8719 1564 7631 8210 2452 5201 1860 2265 5580 4364 5816 8636 2918 6665 3289 6662 7353 6703 8198 591 4921 5292 2143 5270 8266 881 6885 1329 8105 718
412 7988 5994 4305 5 5948 7626 6464 367 5472 719 7931 1962 85 4148 8292 1157 4752 786 5799 5415 4409 842 1177 3774 872 3303 5753 6724 6430 7827 4920 4837 3529 1395 148 6326 2845 2424 7704 1163 1625 4084 5041 6214 8961 54 8672 5888 3949 645 6441 8137 6890 1675 8919 7110 7037 3635 4622 7949 6370 8993 2528 4278 8513 8203 8711 1735 2196 862 4215 6146 313 543 651 1761 1206 2462 4672 2236 4041 285 4096 5769 5579 4871 372 6631 144 827 5339 214 8712 90 8462 4137 929 5516 7756
7901 3182 2969 8605 1875 5067 5375 5672 2982 2651 8713 7097 784 8847 5904 4356 5245 7060 1573 6812 1630 568 5098 1840 2303 7102 4194 2588 7434 914 4074 5661 6560 1273 2878 7384 5116 2894 8422 7661 495 8497 2862 1935 5730 4195 4834 2520 3151 1319 2328 6754 7319 7564 5900 1553 1239 5288 1291 6009 7791 7977 8928 3436 5774 907 4707 1150 2850 6681 7356 1052 4055 2893 8890 7604 4766 5446 1988 2533 6575 4158 3922 8997 4974 5121 237 2488 7771 678 3896 4935 8365 6466 4387 5871 974 7526 5635 7409
28 1769 2006 1477 1585 808 2258 5104 7573 6748 7422 3720 105 4791 5206 2516 1442 8949 3227 869 8817 2767 3864 763 2849 7985 6259 4439 7055 5139 5959 5594 1507 3585 5598 1890 2107 6922 3172 4552 5225 7 3244 1390 269 7562 5089 6288 1187 7876 3626 3314 8204 6818 8734 8816 8596 8679 1550 1153 170 5528 6023 726 7339 6346 1956 59 5418 3154 875 5856 2995 1070 7153 1549 5801 2828 1930 2890 6688 297 6223 6710 7297 8494 2846 7195 6104 7187 835 4302 7959 7644 3389 525 2996 8763 453 3683
3842 3329 4667 139 4911 95 1032 2886 6365 2301 2530 6400 212 3418 3226 558 6541 8795 3710 5709 8279 4597 7905 5373 1394 7982 4061 4014 7984 2074 6924 8555 1373 1480 752 6303 8622 7068 8449 5968 5380 759 1873 4908 1435 6378 3940 8644 790 5433 5318 3798 3504 7388 5841 3679 3144 3288 344 1258 1472 3479 7805 6627 3784 7079 2420 744 3506 3166 6861 2023 6701 5449 3644 7449 224 4058 1535 3544 3677 32 254 6336 1566 7722 2005 6673 4034 3779 1937 885 5478 5541 221 1047 5253 8860 5218 6859
6722 8893 8353 6434 1892 513 5181 8238 7819 992 7841 434 8068 6438 4710 1633 4352 5129 6477 5718 3742 4138 3048 1443 2102 4142 6377 406 1461 4676 7440 1104 1064 1323 1069 2482 4590 5249 1242 274 4962 5537 567 394 3350 2429 7363 6272 358 6650 8546 8128 3076 5726 2343 3891 151 5241 2872 1985 6600 8154 1297 3123 8824 1744 4792 1663 3174 6603 4105 6752 4958 5920 4359 931 6011 6739 7600 7664 2854 7008 8668 8813 6609 7541 6655 1204 3502 4250 4644 6917 5276 7111 2130 2646 6821 201 2613 5468
1427 8228 2795 2386 1364 8785 2907 7360 7230 4015 6506 8645 4144 5716 450 4474 2860 7663 4234 3086 6770 8386 3805 1230 1464 5495 6385 7888 7205 3956 3215 126 868 8133 1588 7108 5984 1014 1458 8344 1463 5156 5165 2512 8793 6306 8302 6790 8070 4864 1651 1223 6138 663 1467 8281 1958 5878 4851 1540 8873 5938 5242 2308 8715 5080 7542 2393 4452 1601 4274 4815 6778 2025 3348 4246 1023 3663 2912 6481 3466 341 2050 2132 8768 8590 1141 2254 4842 7415 3460 1533 1346 7812 310 1544 4380 2856 204 1298
415 3192 2069 6457 7479 828 2679 3608 1570 2351 2873 7872 6174 628 1551 1096 1088 6042 6230 4506 8984 1274 4548 488 2509 8665 6113 5631 1960 5923 187 3912 1300 7932 3916 6881 809 5464 662 6523 3397 6212 4846 5698 7762 7376 4786 8597 3210 4859 8482 8088 3361 5840 5240 8591 1708 2499 3754 3055 3384 7809 8780 8126 650 3370 4353 8381 2565 3103 596 5487 3491 8888 5930 609 8612 851 5885 7487 1880 7109 1782 7882 4446 8853 2123 2451 8744 1002 5044 6345 3239 3173 4080 7605 3737 5995 7202 7078
2113 1054 5596 3312 3060 6012 7885 2831 4104 6998 7027 918 6871 1822 5250 3125 1934 3099 6188 2233 7416 2378 2280 1999 2829 1598 5134 8478 8442 4313 3345 6354 6499 7457 5765 5597 6630 5638 1560 2239 4496 7666 6108 8338 2752 5522 4268 7581 1215 6805 6261 3132 2275 6901 6417 736 234 2867 3230 6787 4909 3662 2548 6018 4248 6450 6446 5281 5013 18 4945 334 1844 2091 5026 4286 4867 8723 4547 6672 8809 7392 8111 2453 4401 3414 560 4085 2940 5582 3542 6720 5287 4923 2694 8716 5229 6004 7723 7029
8433 5238 5332 4814 8739 4655 5759 5610 6335 4570 7478 8260 6487 6232 5117 1759 4033 8759 6531 8851 479 6449 8752 8880 4111 5575 722 5989 2164 3974 5387 4756 5925 6066 5978 2769 903 7893 4003 5436 1255 6227 2955 7540 7842 4016 3668 2252 4957 5603 5005 2011 4518 2584 6731 5932 1448 2146 1133 8991 2317 4951 3165 8183 299 675 1628 7242 3443 5632 7832 2853 6816 6135 6283 3355 8217 1772 4102 1389 3840 6036 2671 114 8283 1792 6941 5442 489 8330 6403 8952 7441 8603 1864 4725 6992 8441 14 5667
5428 2968 754 1652 5455 4348 2549 8593 6237 6677 1939 7862 4419 2680 4414 4187 1710 7617 7160 6632 4895 3368 179 7921 4602 8405 5223 3718 3017 6994 1305 4848 500 2250 2336 3895 1629 175 5927 6368 7303 8717 2302 4764 6503 3105 6891 1779 3128 8540 4947 1101 6180 3674 8053 989 2399 1662 4903 4265 1119 4916 5195 2535 824 1641 2654 6330 215 5697 6470 4720 3770 1865 8178 4157 3205 147 1963 137 1344 241 3135 8434 7856 6532 5200 1198 3162 8229 1746 7635 5993 4657 8347 8929 5322 2648 2237 3293
4216 7524 116 7970 2484 1899 4690 3075 1810 186 6553 5757 3313 6120 8218 5960 4566 8910 3913 4840 668 6771 4442 8789 8223 3013 2690 4976 6236 8783 7022 4681 6509 6708 4225 8611 7995 4110 4900 5367 4675 7044 3297 8445 4767 2840 2542 1832 8786 7143 3593 653 856 5391 354 200 4297 7971 3888 5617 8456 6919 3432 3564 1462 847 967 238 7678 3382 5571 2818 4143 8891 2249 1120 3622 1562 3972 7234 6889 1503 3318 2080 8869 7235 8942 3590 4345 3554 5646 1824 2134 8455 70 4256 8578 2956 1218 933
8985 1205 4809 1794 3885 5926 6589 1176 1751 6685 7308 1736 5421 3124 4178 7505 5406 2537 3189 5397 3393 8307 381 3899 7447 8735 1013 2430 7209 2973 1296 1031 2437 5217 5794 6619 7554 3341 4357 4258 8090 2043 7922 309 8830 557 4659 4931 595 2545 6200 685 8828 8476 7169 4145 1616 983 1479 4721 420 222 2555 7351 6473 6429 8083 673 737 253 2390 8889 3213 7155 6820 6856 6151 3963 4328 7430 3817 2924 6424 3713 4486 5813 1737 3829 5395 3068 687 7491 2980 3296 7576 7942 6550 3781 1246 6068
2814 5093 5194 1634 4488 2825 2832 7301 2353 8169 1200 422 8703 4568 7048 710 5057 2498 1867 7366 7534 8145 8755 4322 1767 1959 6331 1620 3385 4949 3116 532 1975 8509 4687 1648 3108 6286 1368 4533 3332 1608 3052 7509 7387 661 1534 6504 7623 7088 4836 2096 720 8884 8720 7381 1290 2967 5357 8666 6143 771 2017 4052 3211 22 2109 172 820 7379 3855 5247 8191 7904 3031 833 1317 4005 3999 6224 5834 2483 4966 7858 7808 1757 1440 1718 5510 669 6182 3826 3164 33 6742 6278 860 3665 7775 2277
971 4174 5280 4334 482 342 4879 347 4057 901 2812 1644 7956 8300 4385 8976 6741 8439 5523 2008 8420 2078 8074 6697 1334 205 6675 5593 1627 7367 7158 3631 4990 859 8722 2903 7178 7948 7640 7159 7218 6258 5438 7299 4204 6204 6176 4394 4296 3756 7621 5512 7062 452 7259 7396 6244 1238 8110 3977 277 8376 3287 5903 80 1293 4881 5119 1513 8718 1756 5758 7317 1491 4735 3488 2295 7829 6809 7051 4480 3145 3319 2649 8814 1445 3290 6421 2471 2344 5025 7698 1252 5313 2622 2806 5677 6974 6300 691
4226 2392 5733 1750 4581 4051 1228 6561 8515 507 4768 6848 1072 5991 2487 1371 3914 289 8475 1695 7671 6581 1294 1858 6838 2021 706 945 5130 2647 7767 8219 2635 3321 2084 2785 264 5383 8956 2600 6126 6810 1755 5251 618 3581 2644 8474 1501 7729 3522 617 3636 2056 2228 8518 6410 4124 7853 2705 4097 7817 6772 2238 1990 716 6454 6556 82 2813 6555 1152 3860 3981 1279 7455 7192 6472 5197 211 1836 4556 8554 2826 7144 5138 6626 4714 4133 7878 6989 6874 3696 7530 8600 5643 2431 4253 2188 1546
8502 6887 1360 6800 666 2700 4904 8121 7743 3220 4554 4108 1908 8107 4800 7610 5167 2859 7358 1539 3750 3688 3538 4718 928 4162 5482 2339 4937 1740 1592 8250 4064 3333 4242 1621 308 462 1129 4577 503 5228 5376 5882 2939 5558 2155 5744 3196 1924 3746 1213 832 5939 3962 138 4151 4007 3183 1034 1650 8359 5881 2914 8270 7550 5524 3835 2087 6592 5399 3000 4635 1762 2419 1233 3199 1432 7386 5003 1182 8674 8403 6908 1575 6882 4984 8899 8570 7496 7613 4403 6563 5728 7369 7590 8466 5439 8757 281
2079 226 5563 7184 7077 5075 7682 7142 5147 4575 50 3330 516 3609 3449 3921 5458 4893 6496 1053 475 8446 6116 5965 2189 5791 1162 2093 8908 4940 8129 6423 6895 972 4731 7314 6159 8245 2162 6607 7527 2792 8794 4620 8616 355 8556 8778 7697 6953 1226 5824 2300 8878 4437 7864 822 1732 4685 4001 5628 6468 5107 3592 540 6125 301 1261 854 196 5393 6319 8978 8346 411 8528 4511 1984 3195 4505 6814 3689 7968 6349 4415 1046 2361 5450 2749 6893 4206 2678 478 2470 7284 5071 2951 4438 2454 4508
5891 4722 7354 769 3240 2985 3570 772 8429 7801 7523 3326 3950 2044 5185 4435 8977 3507 6571 4499 6137 1709 348 1691 2314 3740 5493 2473 5035 5790 3524 4589 3020 1465 437 4091 7391 5272 7754 1834 4118 6056 3327 1866 714 6714 8626 4264 3802 3810 6798 7732 1033 5207 5443 5143 49 2932 4593 4309 8491 7531 3698 2274 2640 6786 8163 3655 1043 4192 5398 1250 8498 5042 8871 3374 8532 8505 807 8291 6269 7275 1973 4077 6938 2270 6008 7285 227 8724 3531 4531 3267 5724 897 6860 7385 6201 2034 638
2225 8559 6674 4184 2747 3650 7758 4636 5000 427 4711 3277 8641 6491 5771 563 5371 408 7720 7164 4304 6507 7364 5863 4163 1276 4640 8764 3373 2544 7815 504 7578 3238 5471 4627 3463 7398 2682 6678 1967 5260 2589 4967 8237 2052 3682 8061 1055 3274 3780 6529 6318 8697 3465 7118 3670 1036 3995 7936 642 1406 1110 5377 25 247 7246 3298 6433 6448 8686 6197 4231 4316 3550 715 5767 1508 5952 523 2031 3735 7766 8410 6367 6637 7215 4251 7669 1773 7223 2395 6265 3150 4400 7074 181 4257 4320 7574
1058 5484 8031 6189 1011 2089 5111 6634 3667 3843 6276 5956 5979 4382 2664 7357 36 5826 8392 7480 623 594 1499 3579 727 6718 8377 2490 6281 3875 4056 30 89 5266 3471 7745 3872 1019 3441 328 1559 93 5762 5137 7003 2350 4654 5999 3033 6353 6830 8177 2111 4039 6334 3618 5497 8868 7547 6231 1992 61 4754 8168 2067 2929 4426 4070 7239 5204 1971 6362 8401 2007 5390 3476 2639 3799 8548 3014 7136 6747 1597 8213 2114 7344 5381 7911 1907 8944 1696 3527 4678 3973 2154 2685 4639 5828 6264 2561
3762 1 6114 7952 7231 5717 3121 1734 3547 8118 6896 3556 1164 3869 2904 5128 3866 3657 8520 3372 1921 3127 7719 2972 1523 2304 579 902 1423 1158 4534 6954 8858 2474 6616 2710 2698 6420 8232 7271 1626 8800 3572 5742 1099 4748 6686 2899 7263 8635 7145 2375 953 7443 533 5647 7346 417 7833 5015 4641 7272 5859 2170 4885 8677 5389 5127 2532 2103 1259 7289 1705 6483 6408 3446 550 8788 2348 4835 7955 3141 5422 454 1311 7035 168 1936 5997 1795 5488 3405 2571 3936 1944 3019 1136 674 7814 997
2746 5875 4826 7501 8099 3481 6486 4692 1949 2212 735 7765 4413 6932 3996 4862 3623 5574 4416 4763 7781 8349 190 1340 3275 8018 1996 8923 1909 6010 690 8173 8575 418 5161 7298 4336 5690 1645 880 2697 3152 3749 8560 3346 8244 4805 7810 5894 2379 2830 4347 3641 5595 1898 6260 2638 514 4849 7514 3349 5954 4171 4928 1541 8640 8072 5739 8255 3870 649 6016 6290 6792 3273 5838 3040 386 3482 7330 6139 758 384 3027 8647 3555 2141 4825 631 2953 4651 890 2464 7788 6642 8849 4673 5426 1881 3038
2329 7080 7709 4078 4621 3109 1159 6514 4337 6142 5502 7941 4788 2059 4411 447 4199 8035 2521 1554 3582 6855 7552 1245 5655 4 7059 288 1381 2402 7831 8122 813 1983 739 8487 4802 6819 7510 5202 4595 1076 2410 6693 4985 1295 448 8675 7741 4284 693 5780 2364 5055 2354 218 5220 2191 8045 76 4392 3353 3932 4712 1788 5348 4469 4402 1925 672 4408 2014 3176 7482 88 4344 7994 2234 729 7253 2457 6696 1813 317 7468 3241 7785 5151 8967 2095 4963 3738 8166 5345 5491 5666 3731 4661 2414 4441
7834 2120 664 1745 5006 646 6961 6628 6451 4890 8040 641 7484 4671 5012 2959 981 1913 3627 7076 2923 8897 6784 823 353 4780 2655 2403 2479 6154 4113 3583 581 3558 3661 7249 8432 1051 2504 7855 2460 3955 8748 8417 3224 8541 4740 6107 1527 6299 6251 5469 775 4652 1361 5158 2609 4252 574 84 1412 2319 6679 1760 3091 8161 2016 161 6712 4371 2220 4280 8085 6588 2090 3753 4467 5019 6328 4585 2387 1447 3232 5400 1689 6324 5314 2773 8431 564 1169 8660 6225 2019 1370 5294 657 7670 3464 8294
73 131 2447 8999 7568 2790 6112 8872 3505 5842 583 4542 7835 4841 2391 6937 876 3926 2620 605 2652 332 7280 7503 2586 5671 6544 2330 5893 1856 6501 7760 1003 4043 3873 6639 565 2053 2952 3890 4211 7598 7095 2117 336 4658 3280 6960 6092 4232 6981 1702 4471 4535 6549 694 2370 7154 2560 2371 8745 3340 315 494 4698 855 3179 4393 1613 993 1968 5860 2045 3029 1387 1049 2730 7065 4026 8234 8525 4852 8430 6234 8109 7847 430 51 8960 6542 8486 4424 4670 8101 6802 491 4476 108 925 3823
5854 1123 6689 3292 58 1220 810 2691 5779 8925 7877 4332 4783 8698 589 3602 8850 5777 6422 5140 4545 4059 3927 6055 8536 4604 2247 3437 4526 8490 2804 4650 3945 163 7764 8953 2449 1410 5226 7014 681 8653 5396 7426 1733 5540 4473 2592 3952 3535 4093 8583 5234 3157 8164 1938 5683 7790 6551 1972 325 2976 3043 6190 8426 1107 7797 2406 21 3352 2039 5708 8537 5214 5857 4677 1919 4784 2931 7983 6743 6083 6558 1609 3533 6536 2916 1117 554 3633 7837 3305 1849 7408 7147 3304 7182 2215 5658 6585
518 5459 4653 4795 7657 1471 2590 6521 510 7789 5018 6822 5503 3396 6059 2543 3085 1077 6485 1391 5633 6432 4101 3050 1240 1486 1611 8317 3012 2208 1039 3748 4594 3423 7133 7625 498 5583 1886 2085 8117 5798 7992 5508 2458 1336 4872 728 3063 900 5307 5680 894 7584 4475 4166 6916 5808 8831 1347 7186 2879 3258 3580 5299 2176 1008 2943 3540 2129 4555 5466 5354 7041 4691 2722 6865 4455 5674 7964 699 6081 3806 6534 8680 1000 3149 3739 3821 7513 5235 6793 2309 7768 7667 8773 1341 2055 8749 6656
2119 302 8598 8998 3800 7327 5982 4889 4703 67 734 6194 1545 3200 4170 2144 5049 4519 7227 4430 98 7606 3568 6977 8222 1874 3681 1537 8368 5274 2811 340 5883 2478 7104 1715 4878 1310 6203 1093 6879 4267 4146 7167 8485 7912 5615 5132 2477 5341 6191 1062 3571 1106 3462 2092 4431 3452 5305 3836 4040 2172 8406 5304 8150 5083 2174 6121 4738 5196 1852 1227 2802 3837 1172 5467 5625 156 7126 7350 4434 1727 7715 2736 4223 409 8328 6320 4447 8077 7033 8104 5892 8906 730 2834 6993 7907 2000 3612
1112 1707 1666 3970 4734 6356 8320 1190 2999 1498 4100 4980 2984 5607 8584 2366 3431 2231 4801 2320 1752 1326 2082 6803 1451 2961 6005 2915 7567 3947 5520 1987 5865 1582 1161 6149 477 8879 3089 837 968 561 7740 6611 6073 4436 3379 8854 3708 746 2880 8775 457 8454 8047 3039 4715 5486 8989 8005 6844 3388 1686 1130 4844 2389 915 3715 7040 4229 753 1209 4952 2493 471 2015 3088 3901 8242 4121 4769 4276 3900 4541 5007 6363 1355 6141 5485 1266 1155 1222 3606 3687 4125 7738 4509 7516 5291 7094
548 3439 6643 8180 2148 6022 5586 207 5096 5642 969 8345 4017 4433 7461 7930 2534 4075 7963 1343 5641 263 2621 8655 6440 6241 5379 7445 3499 4686 4306 783 5336 8904 8574 5591 463 3142 250 5668 6179 4038 8946 3745 7305 5706 3282 4295 6552 3822 4261 3419 4134 2425 1166 4553 5490 465 4498 1739 5924 3690 129 5187 2778 4030 2227 2417 3886 46 2801 3126 946 1476 4988 1615 6788 874 6243 801 5325 3221 487 3451 571 6332 2631 5385 5611 4456 3788 1547 323 8882 8726 4982 6707 1403 5230 6315
2061 3090 845 1954 6398 8501 2807 7217 5404 5624 8028 6725 6660 2871 2921 1947 363 8269 2798 7629 6750 3601 2524 1345 4524 7340 5343 1977 2568 6635 7881 8463 4130 1027 1764 911 8039 4054 8683 2298 5526 2591 1478 3061 1270 6271 4939 2122 4404 8419 6548 4018 5549 5987 5188 8407 7189 1561 7960 4618 1267 960 3969 446 5440 8524 8663 3260 8604 7587 7121 1747 6755 792 298 1271 920 1045 2356 56 4321 7459 292 5186 4090 8360 5921 3079 7752 5065 4750 6185 5209 5819 3344 3610 4528 7786 1942 5452
1118 6949 2688 5608 7203 8130 4697 3104 8619 5570 2627 529 3792 103 5306 5363 5324 8940 3519 3983 3594 2394 615 1285 4822 883 4129 1969 5648 5183 987 5670 8921 7151 1257 8615 4303 2662 1604 1923 8539 861 4244 4147 2704 5711 403 7935 7343 4521 8209 6789 2047 2456 3201 8815 1979 8276 5998 2288 4031 2224 3596 1016 4383 5951 738 371 1530 8013 7277 5509 7691 799 2097 4954 1178 2177 8062 8702 7798 6658 5609 6245 1497 627 8416 5244 5701 8095 6077 506 6854 3098 6175 1948 1817 5720 570 4363
6111 829 798 8196 8197 8021 3989 3988 8033 5612 5499 4680 2416 3747 5052 402 3410 2898 8282 3575 2614 6864 111 6704 4775 7917 8500 6573 6183 3208 8695 1574 5277 3487 4492 1940 2866 8876 3198 4544 7031 6783 4761 3184 2717 5749 2641 2536 3251 3360 2286 3849 4605 8195 8685 359 8001 268 4495 6519 2567 1156 8799 8643 8464 6690 405 7197 5350 2713 6804 2674 2332 8543 2950 3862 5821 1536 682 2115 3067 7157 8451 7787 3595 5686 4491 5588 2610 2927 4338 6958 5870 2385 4086 839 7546 6452 8805 6863
3180 4956 8461 2848 6753 1558 7021 6198 8343 1399 1173 1243 8056 4010 7716 493 8187 4418 8224 2327 4047 4579 2836 5060 6169 1170 4292 5937 6557 7334 1301 7748 898 1647 6751 4875 904 4330 7287 4207 2442 1142 3929 8313 1567 7776 1277 6177 4277 7561 878 6050 745 4969 1335 4152 7325 2865 3480 4122 173 5160 8965 3229 5221 5435 1624 8288 1079 2787 7993 5929 2892 2676 1891 5613 8881 6321 3588 2556 5651 3095 6489 4759 7086 4036 7572 2306 6375 5653 6991 5303 1149 7976 4634 72 3816 4586 7656 5534
3513 944 3603 5163 936 919 3106 2461 1904 1408 8526 1020 44 6569 3980 8138 8014 1030 2780 3892 1642 4601 3509 7141 4484 1384 3351 6709 7694 8184 1128 7424 4022 8706 4932 3625 3338 6851 8186 57 7180 7140 6329 3877 1175 1719 1518 5437 7828 7838 4774 5855 916 1288 7926 644 7254 5036 3853 8510 3100 6031 5496 940 6965 8034 4082 3337 160 2857 4479 1421 3517 2557 8019 1790 4032 1786 5162 4682 4454 6964 1429 4235 7432 2179 1444 2381 324 5353 4813 2098 1581 2253 4279 2124 4728 352 5384 606
6736 4046 4107 6078 2 230 4910 1186 4584 3991 370 2305 8079 6101 4388 4188 1350 2962 4693 6661 6682 5366 2481 6419 519 6274 1606 2745 527 1748 3838 1900 6256 8912 8334 6580 3813 7892 8829 3285 1966 1407 7563 5374 217 7129 419 3448 5368 8810 5199 7553 6247 5853 3366 5958 5980 2041 1454 6181 3009 26 5848 1841 132 4899 8480 846 496 7676 8185 6030 7497 2401 8699 8522 2325 7163 2296 5967 5114 4628 2552 3707 1777 1380 449 888 5569 3639 3094 7374 7194 466 3903 2140 2194 1796 2963 1500
7337 7069 4863 4156 7024 2190 6562 4573 8529 3971 1879 7861 7802 7559 2311 2550 817 5918 8375 8 5864 7018 8667 4942 4285 1235 1859 4182 6811 5246 7895 7943 4378 8003 4525 3820 1203 3993 5190 4638 3879 7026 2151 8017 3044 3847 5074 1753 6564 665 15 8147 8862 1617 6943 5410 5584 6934 8963 5184 8994 8413 7204 2281 8151 8743 3942 4778 7067 8592 6566 7100 6826 2864 7375 8267 4610 2562 7946 6170 3453 1210 5936 1807 3819 3015 8594 4489 1362 4319 8257 3559 7619 5273 2740 4222 8979 6705 873 7869
884 5731 4762 5704 2725 2863 2121 4539 4587 8336 2440 7823 8927 3425 4770 3744 4838 2261 5159 8038 3902 8924 7450 2657 4794 400 244 6888 2318 4858 7475 5192 3833 3046 3235 8278 5530 3362 3 2137 2922 2262 213 4817 7609 8348 985 499 4745 7845 5685 3760 4758 4269 5444 4008 1367 2675 389 39 7333 5258 265 6317 6827 3102 7087 1504 1694 3429 3911 7774 3561 458 3450 3415 2947 3523 2377 8545 5094 740 4379 8530 6270 38 4991 4004 6390 7064 780 3600 4468 3846 2030 6152 6976 272 4684 867
652 5470 296 1766 2628 5264 3775 7293 4273 1846 8032 7260 6415 1359 7515 110 2216 7466 5822 7575 2919 8738 4459 6671 1916 8064 2529 3283 8274 2369 7529 5525 6948 6510 7707 1102 7471 4373 4127 5091 8277 1514 2656 8792 6577 2868 4294 8848 7910 5962 5412 5663 8826 7628 2441 2492 3413 7490 3036 2596 1679 2166 3934 7536 1094 3444 5203 3035 4968 6791 2708 3790 7395 8753 4588 7890 5837 4317 4776 128 7114 5810 1018 1851 3092 3486 2494 2677 5874 3684 4504 3958 2789 2925 8127 6436 8436 4362 7138 7887
1212 8148 2781 7423 2855 4515 6222 2714 576 2741 2070 5766 6100 7742 8253 6017 8351 413 6781 6453 154 8249 1321 1021 1411 5356 5176 7744 7342 5077 6268 4483 797 5212 404 4665 6156 8268 7493 3701 228 4053 5079 2701 3426 6533 7596 2574 4646 8037 5756 6824 7442 8947 614 3723 8696 2709 5803 982 4522 7405 4729 1816 7015 290 5285 1664 439 261 220 6358 2199 6717 747 1456 2256 6760 2110 590 6738 819 5513 620 5102 7903 7974 246 8329 6795 1590 743 2619 5150 8159 5414 6333 821 5626 1327
209 534 2779 7206 3961 438 5081 3187 4457 8562 5010 2187 3699 6047 8342 8754 195 6572 4732 791 145 5323 1393 8825 4755 6091 5040 8823 3807 3830 8306 3217 7311 6594 8731 5521 760 3617 4516 814 7950 6915 7005 7101 7646 8160 5800 545 5896 6543 3323 5529 4029 8664 4275 6096 995 5772 1901 8153 6361 3193 8631 3339 8221 3066 7868 7132 7492 7933 4704 7256 8239 4374 2365 2500 8438 2322 912 2276 6221 3990 5880 6384 2204 3651 5795 7913 3400 8508 8758 4377 1926 7668 2875 7867 6867 3363 3743 8503
5054 2284 8120 6103 6026 5614 3863 6842 8275 2583 1124 414 1457 4119 4201 505 5659 6187 2791 5600 6136 1349 2101 3214 4997 6199 8167 3839 444 7096 886 7818 140 6386 3041 5372 8688 774 849 2475 5237 7161 2888 2201 2150 6376 7746 6537 2027 3967 7800 4502 2465 7641 1654 3320 5696 1385 1895 913 3147 3364 930 1516 3794 5627 8089 5498 1289 1308 5714 4218 6629 5321 6813 8384 2572 5820 2782 6480 8240 7944 3876 530 1897 6322 6186 3148 7539 461 3697 1583 4960 435 6801 4350 6312 6287 5267 5843
6127 6098 1357 5182 6405 3695 3168 2661 6337 776 3982 2411 7071 8271 5922 6015 1017 8852 7105 1092 2720 2581 755 7372 1059 5408 522 8589 5971 5879 339 4396 6490 8736 5933 7091 5155 4310 7525 8684 7322 432 2660 4042 4472 2735 7000 5097 5676 194 5056 1193 4810 2163 5899 2774 3342 2669 176 2666 104 2517 2603 2733 4567 6968 8243 1997 7528 8473 1137 1799 3074 361 2033 6610 7991 8435 6084 6301 8973 2486 1482 3111 1521 6586 5681 1025 2839 501 3808 7849 5078 6716 4209 7294 6482 5261 6118 2012
2693 5906 5144 1594 7599 6215 6936 4897 1749 2108 7612 1086 6498 3059 1827 684 2636 1943 4282 4619 8558 3755 2268 1768 4876 7399 8327 5573 1426 1256 5233 6217 2183 5166 8492 2877 20 1024 3191 2376 8310 7695 8226 6165 4287 8614 7565 4808 8761 3957 2977 3236 2744 6691 192 1610 986 2193 6652 2905 8364 4779 6663 8060 4140 2263 2734 6766 5679 7734 937 2221 6338 6254 5335 1818 2702 1863 5169 3309 6130 6910 5106 7148 1315 2580 5136 8547 831 1853 3250 8312 1953 4591 4578 1522 2267 6456 6249 6971
7070 2547 3356 991 4117 6347 2772 2822 2279 6099 4247 7012 7677 1912 6459 6528 1806 7811 8314 5736 6173 3308 6602 4896 8609 182 8379 4069 8567 6479 3620 6608 6667 6296 4106 5328 6132 1398 2711 4329 4839 390 7796 7309 6520 391 6897 2153 5914 8370 896 5815 4936 410 4342 6872 6020 8551 6518 5619 4694 8943 3599 1828 3160 5142 1805 1981 7543 1556 5481 185 1042 162 464 4220 3049 6695 3521 5086 8305 8563 2064 6957 3776 7643 7382 2149 1012 3114 7499 3130 3905 2796 29 1254 8580 7803 7537 1382
5088 2472 5351 4883 1887 629 6435 6280 8205 8467 7632 2469 8791 8608 117 7043 5867 4205 3871 6305 8581 5401 688 1434 2235 8714 3307 8084 2990 1976 7636 7131 3630 1095 5500 6263 2881 6808 2334 2763 1386 4315 6843 6749 8326 3037 3478 42 2594 891 1237 6706 5955 6983 3787 8182 1001 3136 3557 7222 3889 2515 1833 1995 8448 4713 5174 5105 8024 3022 1303 6601 6758 8054 483 3112 5461 5198 8409 2051 6942 3002 8295 4695 1146 4175 242 4925 4576 3093 5809 3712 6596 603 6767 966 4866 3831 3528 6978
167 8134 3306 559 5259 2297 4343 655 1872 8352 4529 6025 7934 6339 1884 7359 7736 1505 7403 1868 2599 8834 7679 4607 2696 3120 8866 3003 5504 4847 8701 3992 5407 2585 8689 8939 2426 3279 586 5340 517 6310 2852 2882 7947 5551 8335 7270 515 4623 4571 8299 3919 5492 3736 7799 423 3475 538 2468 6024 3178 2083 858 6933 3281 5295 6414 3508 8797 3845 8363 5996 8969 5941 8833 7099 4045 124 7016 1584 6522 6834 4131 1758 2086 6582 5316 48 5326 703 7092 3492 7200 2966 5120 3170 806 6239 7292
2489 2128 7705 4009 924 2088 8955 711 6775 4953 6829 7028 8568 4021 1922 5565 2202 8874 1493 6002 4660 7251 6359 8258 6780 8108 266 5760 300 7191 5191 2029 4905 3097 2409 3812 3469 4743 87 3495 8707 6428 2891 4210 5453 4098 1071 8385 8549 3390 834 2259 8488 7618 2794 17 6284 2920 963 4820 287 7216 964 1375 5831 3923 2971 765 395 7591 4562 5839 3254 7597 2024 6144 1612 7582 1195 1459 4449 6001 1667 5189 4833 75 6140 633 7082 8357 2068 4996 2013 4708 2135 1145 7083 5849 4358 2930
5970 6070 6640 852 280 2522 6969 2290 440 7361 5581 5782 5342 8613 5265 8468 7252 2784 8341 6876 2553 2598 198 3569 4873 6825 8440 8007 7874 7400 4412 3510 231 3883 5741 5361 2127 8131 520 7498 624 7962 6229 7894 1770 5981 3024 4092 6291 376 3560 7073 7210 7583 7318 7156 1524 1302 1721 2501 7783 6325 4361 6380 1232 5070 5974 3613 5099 8309 6988 5118 5016 8012 2838 8337 2434 7089 5517 8008 5935 3611 486 7397 3997 4073 4727 1903 3946 3586 6740 3948 1080 286 8371 3761 3202 7310 4538 7229
2626 8835 3204 4656 7649 7488 779 4219 8022 433 7170 2513 6765 4221 2003 2094 2413 7925 7176 3629 1669 7401 4311 8911 2232 6 7296 7255 4664 1004 2629 2786 5811 1194 8042 5103 1723 1529 8262 388 177 6598 3073 4737 3433 600 6102 6401 857 1798 2991 2983 7481 1636 3850 3910 8092 3653 8920 6516 6052 4857 4428 3496 1419 6218 66 3498 7978 4386 1338 5754 8066 4705 1147 7243 4011 4612 5844 7680 7555 4598 3897 7283 1548 6168 6407 2380 6014 5640 1632 8029 611 2759 5179 8905 4887 795 5171 5544
130 7470 6699 4912 7123 3975 5715 4537 1970 3404 8630 2173 1974 4869 5747 8015 8251 7519 6605 5561 3005 8114 8864 5550 8380 1631 6732 773 74 6207 1484 7940 2321 1160 6046 6150 1174 4927 7453 3001 3769 6351 7659 7312 1337 3865 6006 1103 7645 5454 8550 6982 5124 4891 5423 6157 6847 1538 1580 4068 6756 7411 5231 3818 5515 8894 4918 8230 782 5347 7417 7972 119 484 939 3081 4668 8285 416 8189 429 3474 8553 6832 3177 6037 947 7585 4979 6684 7278 8495 2294 7909 6240 379 7329 1902 1139 8233
5564 6719 7115 8662 4066 4366 8171 7019 6162 5021 7986 3376 2926 2525 3143 7150 7825 7183 8149 4933 5476 5062 5553 3512 8914 815 2285 6252 5370 3470 7279 4240 96 3649 1701 40 4818 8728 4331 3299 2506 1006 5590 5312 7579 7750 938 3402 6657 8916 3096 3435 8272 1661 8670 1366 3965 1151 6097 8642 1181 8857 3169 183 2138 2837 8930 8248 7730 3438 1717 5689 1820 5773 5004 5919 1420 1731 6094 2291 3692 3331 785 6620 8877 7152 143 8059 840 4044 9 4512 3117 271 4230 512 3937 8521 5125 2156
2242 3359 4239 5861 1957 5606 5630 3880 5983 7462 8356 5802 7614 8974 6527 5787 2665 8188 1578 7637 2035 5009 2809 6734 8158 5177 8470 7850 3138 1028 1676 742 4917 2540 8125 55 5750 4804 8602 8582 8027 3757 8236 2289 8659 474 4523 8762 6946 245 7130 8767 6275 5430 3412 1511 3245 8020 6003 3434 2157 4177 5039 5775 2214 4325 6128 4527 4370 346 256 2408 4855 6648 7244 4973 4270 5059 470 5829 511 8043 2418 7053 1978 975 5700 2175 6584 13 2672 1688 2944 686 7929 436 7393 5211 7495 2287
8155 8571 8036 5085 6043 5477 7476 8394 7446 7500 3391 7034 8400 4892 5675 4485 8355 1677 7274 2593 188 5483 8098 4699 4254 2009 1687 6853 6458 8807 6469 7165 2505 705 6884 5297 3654 3751 6904 8412 2106 8499 6074 2731 524 8708 2643 34 5554 7953 927 233 1416 1791 6382 2570 5723 8538 2625 5364 64 7859 5451 1183 6184 7708 7267 283 961 5047 6071 78 1351 8859 7023 4445 5028 5576 5014 4087 4095 7622 7647 3604 4600 5783 3943 2071 6344 6357 7717 4999 4494 3399 2917 3365 4582 385 7807 3638
3951 7489 2727 8774 7439 2833 8369 3868 5073 1189 3827 5988 5403 6902 1862 366 4462 7237 6508 8781 7295 3069 4190 7897 6913 481 8372 4482 3354 1179 6497 153 552 8542 7997 7017 8838 3640 3545 5063 6080 5031 1231 6202 6951 4569 1165 2038 3526 1037 5743 8026 7714 547 5346 8318 1063 6019 5560 3673 602 7072 2229 4926 8527 4733 6475 1083 4884 4946 7848 1896 8025 3878 2076 8324 1487 4965 5682 741 7648 5038 5205 8700 2299 4854 3424 7117 2957 5710 4260 8576 593 4432 8489 3255 6997 2040 5457 3928
6727 1460 4723 4490 1993 3918 4407 2326 4372 976 8987 2423 5126 7085 551 802 5604 3311 2554 8856 6624 8632 60 8140 6995 3262 1060 5269 5911 1555 5153 3646 5133 7248 5850 8980 4930 816 4466 923 3530 5764 4089 5024 7674 2448 1282 1659 4561 4613 4141 6051 6492 7171 1704 7451 1602 723 8681 1515 8968 921 1684 4629 7865 7020 4006 4938 5095 4458 3455 8694 1682 4877 3584 2775 1552 3045 5514 3234 4649 3893 6797 2928 4301 7795 8220 1219 2819 2546 598 1855 3931 6067 4025 6235 1952 7650 5216 8402
950 4245 3515 7331 5884 2244 7898 2689 5644 4617 5252 1789 4790 5164 1131 2883 4154 2799 5931 1446 7654 3016 7431 6124 6956 5268 69 6478 7265 3778 8216 3814 7220 905 3358 7001 3343 1452 1784 4367 7463 6761 978 6540 3324 8599 7532 8496 7113 7402 7699 584 1888 2026 1441 1475 3628 6875 6526 3122 2398 1720 2273 1929 6147 5413 27 2718 8621 1831 1915 8009 6723 7836 1728 6730 4615 6373 7777 8623 7286 1409 4126 3115 5572 5284 2428 1488 208 8146 8174 6404 5650 6651 5567 2315 8303 5898 166 4609
3795 6762 1450 1074 6397 5424 5734 8907 1653 1196 1121 1586 5386 5729 8201 1437 3857 6502 1847 622 8511 3939 853 8861 5425 5157 7969 3456 4440 2719 2316 5752 6653 4427 7211 6145 267 5519 702 3574 7512 3101 1377 8231 8091 2755 692 4461 656 7122 1122 4596 171 4290 5556 1431 4626 5388 4390 6279 7844 2169 6040 8741 8460 3158 5149 6666 1439 428 6178 112 4228 4381 2768 7390 5135 3852 4572 7389 8301 973 6692 4299 8006 2503 8954 7208 6986 5788 3428 43 1127 2615 5886 870 2989 643 7739 2197
3615 4423 577 7533 6093 2808 2526 5224 1287 4507 1542 6034 7990 345 6676 8779 3454 469 7996 6106 1809 1192 120 7633 2975 6612 843 8588 951 6535 8721 3881 7448 7549 5448 5232 7880 7273 6576 2579 5045 6054 8934 5852 5061 1520 407 6065 2753 4914 3563 3518 5566 7124 7444 7177 2213 383 229 1603 3004 2946 5532 6000 5804 86 6476 3734 6226 5793 604 41 899 566 146 4532 838 8051 8437 7673 5411 8771 5907 8143 6694 6134 5876 7458 7477 1945 1716 4237 3771 7066 6255 3247 6369 6807 6355 7569
8883 4870 6082 321 6302 1026 3489 7046 6342 8103 7672 7520 8787 7886 2518 6412 3675 7638 4197 8729 6593 8477 2352 314 1455 3894 3440 337 3053 5620 1167 2167 8256 1275 4886 113 5193 767 6172 6906 6987 2511 7304 8840 850 805 2519 2226 8534 5796 5076 4167 2435 3773 647 8531 6495 1850 4944 6625 4443 2057 97 5441 291 8841 8141 7594 6538 7958 2383 8842 8443 2897 3693 4971 1589 2510 8671 1089 2072 1304 3647 7198 7414 709 4263 8796 1029 7288 6216 8316 6782 6164 6461 6931 6392 1815 5678 2645
8782 521 5877 4789 1714 2495 5578 7504 1392 8086 5002 3520 3904 7954 295 1263 3483 8634 4959 7689 660 2105 539 4181 2186 8765 8995 159 3219 8625 8162 2986 7981 3503 5527 8071 7724 5506 1910 5108 4497 8579 3730 5846 7316 1084 7851 2507 626 243 676 4300 7778 4164 6131 5507 2896 1098 748 5812 6925 952 4132 1284 7093 6794 1126 8896 2209 707 2112 4333 7675 8790 364 4149 7469 639 2559 5262 942 4574 8646 8693 8514 2278 6089 4739 5337 68 5768 3377 3607 4679 7365 6444 7683 7201 2116 8751
3328 2805 373 6926 5827 8340 369 6115 4168 349 5462 3764 5123 4806 3954 4874 1587 882 1623 99 3383 8561 2335 5069 3420 2623 8361 1325 1655 7394 4076 1214 37 1692 6282 4782 5909 8041 4464 8727 8650 2251 578 803 3065 1933 2634 6985 8374 7518 5589 2575 3155 8399 197 526 5622 4868 426 4964 7207 7560 8565 1211 1577 6418 4798 8136 7057 7906 3064 5394 8273 5309 7232 6013 2739 917 368 333 7090 7961 5046 8156 8280 3525 4120 8691 2997 3113 1825 8971 7603 4465 5298 83 3660 1489 5890 5290
262 4564 7735 3669 788 7306 7268 8975 750 4463 8093 1318 480 8106 1781 4824 7692 1571 979 830 7660 8898 1430 5263 7702 1414 3565 6907 3851 5255 7957 8350 1927 601 8050 2842 7103 7879 2433 4094 3394 988 5542 4811 6049 6381 4153 1638 941 7792 3197 3369 5101 1286 8606 5254 4632 7938 700 2245 4354 1268 6940 4339 8241 8766 2821 2075 2531 7507 6213 6427 4460 3231 4749 8806 2843 6374 5168 844 1144 1143 3953 71 4172 553 6845 2611 5279 2415 3087 2432 3986 8687 1914 1506 6158 3042 4123 3706
255 8263 3139 8459 4674 360 3637 276 4983 613 3336 8678 5479 7652 7013 5546 5778 812 757 7264 5489 350 5445 8065 4115 7224 8393 8390 451 1413 811 3256 106 9000 1116 7916 6909 1425 8572 3915 5721 343 8746 3203 8190 4898 8933 1348 3468 3472 7196 5902 6350 5545 8259 5913 5763 6027 5064 6292 2165 1483 3907 8855 2824 5851 24 4112 8002 2241 6928 2436 8820 8917 7658 3645 7179 8115 6443 252 3678 8057 1607 2949 4349 2310 7139 2466 5912 3070 1433 3614 5148 2606 5592 5961 1188 1920 2063 4161
5344 6029 7642 1494 1528 4236 7924 2901 8030 6416 1148 7412 3237 5776 8048 7193 5966 6411 5825 4109 3159 2981 223 2260 7589 8414 1778 2324 8378 4730 3392 2450 3185 8669 1964 6668 5972 203 4477 260 8124 365 1114 4853 906 5360 4709 5037 8246 5023 7009 3534 6841 8586 7711 4821 8247 1097 3551 2397 7857 8100 5845 6979 5990 4155 3375 7302 2360 1358 5283 62 7063 1376 3882 3083 327 6493 535 4020 5868 2663 588 585 1091 4202 5359 7727 2910 4049 5636 2337 8552 5434 2729 3765 2497 8265 864 2100
7718 8424 2817 8214 6391 2851 3591 3263 3278 1649 3501 1138 7639 2266 2605 7770 2125 2699 377 6399 3724 7321 421 2987 1712 6058 7007 4981 8202 127 5536 2650 2958 6862 193 5944 7999 7188 4203 7250 7967 555 1241 725 8296 455 5275 6511 6007 4028 1468 4198 4741 7558 7106 8595 8624 679 6659 2715 2803 6892 7687 1823 8207 7276 2066 4536 4950 8892 677 4860 6462 8010 597 4200 3028 3225 7174 8656 6250 8941 1725 4689 6163 8044 8354 8585 5271 4563 8078 4517 6294 3546 4901 2906 8566 4312 6409 4716
1342 3867 1646 1015 4399 11 5131 6920 2207 2396 7368 7166 2355 2333 4024 573 338 3080 1100 841 1510 1672 8450 3056 3316 2934 7004 509 7870 7175 6035 1180 7410 4266 141 7779 2133 6990 1424 4083 2911 2081 6193 3181 1372 7233 636 1785 5392 3386 4417 2042 8628 2602 8959 528 3844 6379 5817 6683 2491 3500 6858 8747 5011 8709 3271 2362 6160 2243 3233 1356 6388 2617 2020 311 8362 1438 6297 3008 8931 2941 7269 3562 7472 5814 7923 2726 1579 4150 6060 7616 6559 1339 6880 7522 3401 6242 459 1244
