100 100
8858 3316 8895 6180 8595 6543 8397 9148 257 6314 5801 6453 9502 3830 521 4650 4854 5973 9163 6768 5204 1570 3612 7866 7364 5328 4215 3241 774 5598 9545 2611 2290 6832 1171 2554 5377 5336 335 9386 2184 7629 9226 6637 8621 4729 9056 2345 6037 3138 3404 3453 6641 6317 8344 5696 1007 5469 9791 5149 7236 4716 2190 1753 3992 8693 6791 281 1800 7587 6360 6156 7690 9459 3479 8138 6603 2492 4255 8633 5221 7235 7810 6497 9196 4100 6162 7551 7528 5024 2269 2725 4057 8509 1161 6726 5453 3810 2285 5728
7859 558 3851 4466 4581 671 1830 7170 4205 752 8555 8767 8649 4267 4271 7454 144 8428 3473 8487 1102 2781 4002 3344 6124 5655 7044 9597 9431 1521 8729 3529 1239 6485 3277 2709 7460 8449 4492 1829 3221 9860 1863 3606 4643 8232 1690 5824 2680 3536 6101 7622 5092 2701 52 4476 1129 1261 4697 1626 6008 1347 994 8200 336 3276 8697 2727 7643 5063 9716 3720 1639 3299 2070 6361 7564 5826 4736 5418 6930 3869 8864 4028 9657 9488 9594 5038 8809 6253 1534 9095 7206 4161 7673 3290 5165 115 9167 8668
3389 7986 8990 3790 8115 6965 563 1019 8031 2658 919 795 4402 9535 45 1361 6844 2088 232 6336 6539 249 3438 3143 8740 8711 8981 1148 9469 3903 2414 510 4423 1279 2128 4066 1560 4134 3877 748 2130 3160 3023 8338 2321 2466 2940 8300 1739 5191 4103 1192 47 5561 8181 8825 7848 643 7653 7210 7187 1507 5116 5607 7086 864 9935 6392 7401 8620 2744 3665 4197 6599 110 8242 4319 2480 5810 9886 4984 2997 2331 7904 9423 5657 4344 6378 6458 9420 6558 9249 4433 7704 5562 6083 1385 3407 3121 2097
1824 5164 3652 2196 2562 467 6924 7717 5025 9239 8434 6410 7556 2122 5152 9596 4375 401 6138 8229 7513 6096 12 3310 1661 2892 8117 2067 9212 4013 6475 9521 5595 1077 1999 9603 7768 3739 2255 6574 3566 4191 6040 7684 3705 8435 5158 5603 4815 7760 1283 6847 9333 2453 8129 8456 6125 8488 5008 1566 5177 8913 5254 7973 8854 1544 2589 747 3533 8131 4186 2202 3156 9160 3743 8329 1640 1234 3874 6712 4616 8048 8984 2434 7786 2259 4637 2074 8010 784 3927 2093 3320 2241 2996 7555 5803 1467 4636 43
212 9417 4159 664 5022 5714 3551 7168 7032 3296 5596 220 1243 4398 9012 6337 4580 3264 5651 836 2818 93 7087 9644 4597 8357 2062 7212 3653 8802 473 787 7831 9530 9922 5269 1067 8546 7297 6261 3921 5780 4828 5426 8233 4403 878 3151 4543 6799 2249 5044 1920 5626 3427 8062 358 6681 5414 598 5634 2874 214 6633 975 581 7582 1516 7462 6577 7407 9421 7408 2129 8591 6498 6383 1760 4153 6795 8007 4880 4137 1413 7289 9677 4456 5298 1213 7594 9150 9187 6240 8260 8761 3977 4482 2776 2630 2667
9155 894 391 6692 312 2154 9662 2763 3944 4902 8104 8682 7417 9827 1048 5579 2946 4658 6159 2446 5804 3333 7783 6973 9192 5677 5074 5006 6198 5940 2868 151 9231 8905 779 8014 3374 8957 3273 4740 2672 5076 3302 8289 9936 3186 6441 4613 6119 6684 6513 1041 9793 6918 694 6560 3813 7245 7674 652 2850 4973 9210 2936 4 5861 9364 9841 4169 8699 8896 8245 7993 8243 2898 8280 2831 9646 2678 4372 1604 5299 5575 3364 4015 3081 6133 500 9334 9699 6459 8107 6080 3640 1770 2590 3250 3907 4311 8562
6469 4162 8217 5948 2705 824 2305 4576 8312 9697 6624 1217 8797 9726 1525 3587 7189 7990 8925 5974 2935 959 178 4957 8869 1097 5325 8938 8530 6097 5151 5665 9514 6862 7933 9220 1208 9132 1564 1441 9558 7033 6064 8932 4336 1238 5844 7307 7007 1354 7323 1637 8314 5734 3322 1959 1694 7538 9446 4555 3670 2179 6466 9276 2497 8304 8122 2706 9090 3148 9933 9833 165 8230 7771 6800 92 1230 6019 8798 2252 9753 8921 8092 8635 5838 7403 3967 8632 6839 6537 9738 4380 1886 2629 4790 4012 8038 1822 8412
8688 1172 223 5342 611 2006 2312 2021 9937 3564 4381 1614 8588 9698 9091 5944 4992 3396 6582 7813 7488 7680 8197 8732 2221 3053 7519 105 9359 8464 5035 2987 68 8933 6964 2796 5285 4166 3146 1995 5482 903 7229 6000 1187 512 1266 6255 718 1047 10 1975 4010 8676 2651 278 7661 2799 501 6984 6344 7699 2110 8770 5910 4503 8972 9795 8963 293 4437 224 2132 3083 3837 3684 7225 2877 2240 5098 6749 606 9201 9243 8654 3045 6128 6168 6927 6185 7172 8234 2713 7099 56 9143 219 7296 1337 4106
5323 3085 1785 9517 417 1621 821 1790 6362 3395 3500 734 8977 4656 4926 7446 3979 5694 8319 8597 977 5343 935 7128 9986 3687 5989 556 4624 4505 4796 9868 6694 5088 3281 2932 6761 9711 8999 1195 5737 248 4680 8506 1848 7046 4877 3511 3089 1168 6921 2640 7468 4364 4048 1227 455 1557 8721 1451 7678 2049 438 2700 242 7856 337 4878 4420 1071 1769 7529 1018 9607 2410 9339 2372 274 1950 7877 4287 6666 9743 5784 2244 4748 8471 6591 6043 8305 6003 3421 8006 3400 4752 3968 8503 9109 1802 4870
9887 8162 770 3170 5965 3244 4409 9832 2666 8612 1136 8674 8406 7758 1974 7037 1723 2694 8539 714 4288 128 6402 3049 4102 7300 5071 3965 4212 1653 7431 8061 6181 1386 9247 2408 443 5690 8586 2811 1699 6763 3771 4589 8360 8882 1215 6698 8504 2139 9499 3997 1329 1836 8480 2125 2436 8470 7145 5370 5534 2642 120 362 8463 424 5206 9199 2417 1586 5912 7593 8469 397 5219 798 907 161 3537 580 6819 3671 7869 8541 6932 6334 7402 8722 4733 973 2030 7239 993 3645 8069 7452 7698 1265 7668 1319
7687 7872 6904 8218 1906 5352 216 7352 3947 5376 5841 1568 861 5176 5273 561 9707 3298 1957 8238 9676 8429 2287 3496 6432 8475 3159 3716 13 3509 620 4844 8244 5536 9845 2698 5049 6905 961 879 983 7056 8497 2991 4668 4674 9428 2238 2784 6488 2802 2153 3026 9128 4257 8249 5043 1281 7561 4496 3895 1847 3570 5747 8576 3387 1553 6424 4873 8255 6944 20 236 1124 1766 3692 7425 9381 340 3075 1426 8012 8542 6262 5738 1055 8881 8246 3280 2571 5369 7372 7949 9656 1132 2126 5812 6701 2708 8134
2853 6136 4349 5554 3474 3854 506 7176 7498 3898 3728 6743 7762 8108 8888 2770 5062 6672 307 3360 1029 4037 9253 9485 2111 6856 8522 8870 4473 6931 3524 2173 9755 6445 5945 6508 170 9068 8252 4995 8747 6329 3190 2707 9394 845 2801 5722 5939 3136 5086 9152 2275 2875 7784 8083 2985 8194 4841 7964 35 2245 6358 2235 74 6595 6958 4565 400 3749 1679 2158 9017 2544 452 6 6427 8526 6908 4820 1589 217 5450 3431 5070 3279 1751 300 1618 725 2894 9910 241 8461 5310 8803 6710 2310 4450 8023
3571 5808 4026 4304 7809 6265 2137 6812 1931 6871 8442 5827 9453 7806 6647 9342 88 760 5710 9384 683 4606 5018 3750 2145 2546 7716 7415 5354 2019 4201 1360 2805 6407 9837 3669 3116 684 7750 9242 1496 4488 6245 215 5923 8060 5829 1909 3197 4052 3928 5404 338 5985 7105 4514 3038 7061 4164 158 6489 85 4731 1355 6321 5419 2176 2954 3289 7533 7956 1775 4708 9123 6676 1061 5601 8349 5060 695 3172 9876 9326 2033 1417 346 8514 8669 5225 430 5308 6335 699 1719 7039 6732 849 3639 2495 1363
584 260 8743 1304 7932 9082 7155 3062 4888 6470 6084 9014 2482 8452 5362 156 4937 5442 5280 8891 3234 9858 3126 4020 4700 8210 3222 4781 1555 1049 9962 273 9433 8776 2351 3313 7694 811 1598 7370 5079 3710 37 7686 9659 4588 4069 5548 6704 4730 1012 8494 4782 2674 9758 5818 8248 121 5717 7048 4224 8975 7332 8831 2575 1537 365 5238 8413 4245 7326 7161 9861 2352 1963 55 608 8859 8451 4272 9046 5061 7640 2711 3343 6825 6590 5050 9387 600 7301 6034 2407 7600 7578 17 1882 6817 9023 6611
850 9311 7018 5467 8294 6960 4472 7063 8919 4687 1436 3412 595 3377 7450 3673 3077 2124 1340 6183 5465 6004 1447 9736 5276 7021 209 4595 2624 8821 9251 5936 9291 5424 6266 1982 1907 980 2138 5678 3779 7160 7952 9828 4279 6757 9995 4847 7050 11 10000 6145 3413 125 450 594 5117 8324 2152 9020 6506 8557 8563 5630 7202 4208 6271 8965 2112 9327 7948 764 9830 4523 6802 2579 8180 1073 3712 6838 2484 7714 1159 2921 8477 4030 2541 5919 9789 9992 1312 723 4838 3331 2477 8235 9879 6085 7353 3447
6448 8954 3284 6338 5631 7850 6268 7282 222 2212 5203 6331 6809 72 2041 7066 9000 3219 3174 9205 2000 8549 2171 1469 5241 3335 7709 897 5502 4342 6750 1303 4639 8695 4144 8096 9464 4485 8409 2148 3131 9969 5796 4200 1713 6808 2213 8070 6922 6171 4050 3697 2359 1776 5333 8698 7457 7676 4562 6399 29 5770 108 1532 5403 9087 7009 8907 7894 8264 8608 8625 124 1400 5489 4972 1613 5976 5255 101 9001 4266 2981 9076 5124 8784 8991 4933 3475 9847 1763 1546 5671 3057 2600 6098 9343 6313 9658 1252
6099 7104 3506 6723 9114 7749 8875 5537 2284 639 8512 231 7226 936 3709 9390 9118 5778 8753 5445 9914 9819 2168 597 1814 8908 3647 1237 2614 730 9324 4493 4534 8515 3357 5054 9581 6319 2897 3391 6256 941 4484 4329 6715 1178 6575 2537 4049 5786 3269 9867 8353 8702 2142 9701 2963 9516 5573 2156 529 2773 7638 4777 9158 4404 5615 7396 4123 5749 4887 8519 8973 8579 704 1903 1144 3980 7054 3674 2308 9302 2346 490 2136 8447 6731 9185 2779 2762 1700 9161 3578 6843 4648 3451 8599 5318 8004 4943
8561 6449 5797 9971 4139 5754 1053 5443 6815 3644 855 1479 2563 7175 8848 7782 7154 9785 6249 495 7231 6517 4324 9718 5016 5802 9629 1879 4167 6142 1429 5898 6600 5496 8155 1293 3740 4316 7188 1714 4474 9897 5135 3392 4941 9649 9077 1997 253 4259 6682 2982 708 8124 3345 6946 7003 6233 4475 6673 6455 9332 2746 7857 4435 3139 9411 7451 1209 5133 7903 6901 4808 7656 4043 412 4751 6452 3150 8101 4734 4632 5568 4034 1075 3008 7285 697 8150 1425 197 9729 2118 9133 6966 6509 3086 9824 1833 8638
9357 1691 9424 9273 6545 4521 1969 4788 2311 648 5112 9675 1955 7651 8303 9040 3847 2316 3259 399 5223 7207 1810 7378 2096 5679 57 9503 931 7471 804 3406 1064 150 9058 6413 5879 8856 502 5996 4294 2454 8679 8026 3370 344 8148 2493 880 6477 1393 8754 7379 5136 9878 9543 3586 188 4822 4000 9449 6014 9443 8683 3347 3353 6504 51 7615 8139 4401 4833 1942 6978 6969 9480 8545 1271 3909 9722 8675 9015 6169 3940 8112 7006 6642 1009 6390 9801 486 5511 34 2724 8341 1757 7748 1081 9313 4289
9955 7410 1872 6446 1607 4299 2904 8728 6980 1966 7140 9566 8207 6325 2101 1662 4699 1450 518 1638 1632 1220 9104 1885 4666 1443 4339 3361 6798 8457 1932 3630 7818 7721 7772 7430 9645 5658 3507 326 9225 7756 4703 4801 2431 6161 1057 9159 5582 4379 8912 538 4356 1475 2066 8986 3993 8619 9617 103 9493 5435 692 867 8866 5901 324 674 2596 8988 5599 549 4809 7941 8950 8810 2741 8211 3285 4038 6613 7455 6810 5602 4706 9006 2696 1364 9194 2915 5508 1876 4479 7125 2487 7141 4907 2177 2187 1675
738 8749 4792 4942 7812 9957 3597 329 8383 7369 3009 1254 5488 1240 4181 1486 3824 1821 6173 6683 2980 1919 1581 1005 4343 3761 5353 7117 2645 1511 5499 5746 4884 2653 7134 5902 4105 7764 567 4609 6845 7830 1284 1927 5553 3751 9651 8310 1229 240 8156 1104 6975 6663 5345 1924 1530 7536 4825 4432 1705 4277 6512 8983 5673 7909 266 3035 8948 2528 5258 3714 2956 9638 2959 3332 433 889 8785 3123 2206 6556 5087 3376 2531 612 6072 1095 7692 1745 6729 1631 5440 8584 1207 7775 8366 7889 5800 3845
7701 7842 9166 1567 1583 3398 4317 3860 4291 6450 8291 9546 3365 4226 2586 159 2050 9770 4233 6285 5291 3080 3619 9750 4939 7584 4899 7491 5620 2195 7479 4593 5331 782 5283 3430 2099 5992 3827 1936 8640 1695 9019 2282 1873 7383 8929 6357 2925 8236 6507 2965 3795 5227 8868 5444 7557 471 3663 4994 3540 7320 2606 3563 6629 5220 504 4383 41 2330 1594 6332 6481 2131 6456 8128 2803 8967 6480 1255 2599 2344 7294 6226 633 2849 2489 6827 2828 2257 6199 5667 8226 5196 251 6210 6044 1844 1952 6363
3020 4923 5143 2545 7232 7822 9875 8041 4223 1623 2842 1563 3013 7438 2389 6540 1174 3642 9790 9792 7503 2568 2798 5563 7924 3102 5160 5875 2716 4209 8832 948 6717 5420 1605 5270 7272 5988 6203 9149 7495 1707 9317 8582 2533 2261 3253 8336 8133 7419 5485 1143 172 7029 5682 9284 496 7482 4091 3885 6553 3435 4333 2655 2518 4500 2267 7815 177 3812 1576 7951 169 3809 2509 8423 9782 3535 5367 7254 302 4920 4382 1152 5483 7071 2208 8602 7350 3745 5957 7723 4414 9032 4009 6238 8123 3733 5053 4969
7791 525 3220 4487 5890 1697 9274 7541 484 8496 6884 5113 668 3910 6310 7950 8622 8623 9856 1505 3428 741 5545 3547 908 8307 965 1437 719 7693 1001 8918 21 1998 9281 7130 8930 9844 7428 9829 9967 3480 609 8228 1022 4366 8055 9983 1960 4645 4997 1182 3808 3301 4095 7658 5718 566 4467 8581 5210 7406 25 9484 7867 9556 3334 3297 6632 7120 8441 7279 7835 8884 350 7143 9705 3588 5448 5751 2381 9573 4347 8355 2150 2491 5828 8373 4583 2890 5114 5748 9903 1759 9322 9533 6211 957 9873 7047
7114 5245 8614 750 3255 2406 6227 4489 9877 9835 971 7393 8613 1080 7624 2960 4121 8100 5693 8630 2928 6665 8347 3974 4468 9472 1119 415 5868 2734 6172 9613 7077 1477 6279 1008 2286 6875 9116 2440 4559 7315 3394 9788 6778 6200 7423 5847 1644 3616 3212 4996 1199 3786 681 374 8076 5622 1539 8040 5897 5126 4117 1708 6147 6948 4755 5481 2692 5161 6152 1483 8239 8583 3788 3252 4098 676 4170 2687 5689 1368 6754 8065 4056 5793 1688 8746 9064 4619 9360 911 8149 688 1756 3452 7331 5650 3913 7552
5179 8817 2540 5174 7662 7001 9963 1755 6149 857 1935 8256 7767 8593 972 7989 8900 1105 8473 847 9764 7411 429 5809 9122 5041 7920 4651 6192 8786 6658 2723 7126 7489 8237 4914 3637 5101 1456 550 9026 8114 9557 544 5576 5795 8510 1103 4603 9102 4087 269 7878 4759 5740 4655 5364 5785 4439 2998 1352 9666 7730 9494 9121 5632 2644 3978 7896 8592 4682 4258 1726 4025 1184 6916 8920 1517 6251 6246 2911 3679 8379 2211 5232 1808 9495 95 5153 9452 6428 9734 7146 7733 3589 5334 7135 5512 77 3691
921 1834 4596 6388 4962 7839 2761 588 5349 1612 1890 410 225 3576 860 6415 9724 7573 2955 8322 383 9418 7222 9592 6941 2663 7970 7052 4140 616 555 9174 2262 405 6928 8772 285 2068 6278 3962 8136 6744 4693 1519 8816 5137 2462 7868 6217 2071 5993 5309 6937 967 4979 5233 9989 4513 4950 6773 330 9866 3492 3238 2662 9599 6051 4192 8050 6864 5733 6842 4983 7845 1562 3425 5281 2580 8436 1643 8822 8282 6821 7823 6439 1494 5102 2045 3823 3056 7124 6006 2896 8532 9730 8720 6981 7481 9712 7132
2366 4875 6822 6479 9799 7441 8819 2760 9947 66 8966 5172 1646 1454 2738 3925 9347 2298 3736 1432 9946 8660 3017 4566 9980 2812 3386 8154 7805 6602 1060 1016 2514 7169 8971 1650 1735 3815 2927 1108 2303 6065 1242 3091 9267 1147 5530 1501 8752 6909 407 7769 3384 6959 818 2617 8651 7761 2277 4407 2166 532 9005 9 6621 2280 6945 2452 8035 3401 8498 1529 8843 9536 7637 2100 720 8400 6851 3291 920 7677 690 3419 7164 3789 2793 2412 8636 3003 6756 3583 117 3314 5644 6690 6353 292 3061 9365
2053 888 2456 1115 7409 3098 6107 5395 1113 4076 8517 881 8841 892 826 891 929 2548 5953 2764 205 2583 7427 263 537 9826 1554 5069 6316 1569 1433 5393 901 1302 7642 8839 8947 5145 1761 6208 9049 8201 2566 8500 5850 6557 4794 3562 9470 2556 4176 2324 8490 7741 964 5301 4540 4627 1307 6906 1741 2018 984 6881 2825 3445 2333 6324 2869 7634 5587 8703 5577 9183 3911 933 1194 3468 647 2967 7705 6664 5705 5672 1973 5653 1797 2200 6103 7581 7220 5574 3995 9747 8885 235 9982 8833 8596 9310
1687 5356 9909 4683 742 199 4363 3275 9294 2632 5065 4834 5546 7517 9331 3272 5347 8836 2549 4198 6848 691 3101 2054 5454 6767 9244 5732 9153 4709 5146 7596 4314 3735 9591 3523 1748 7892 8978 8733 8725 8308 1259 6429 6263 1268 4738 6630 8022 9961 4108 1869 8206 91 6751 8171 5166 8898 6522 4457 7958 1289 313 377 1158 1040 2852 5235 127 4222 1371 1076 6289 2555 9679 2347 2314 5007 2656 711 5882 6127 4147 8877 4053 3385 9849 2729 2256 1669 2743 5725 7735 7088 4813 514 5935 8826 5209 9404
6867 4795 2264 2400 8433 8540 7499 2988 2160 7979 4220 6816 1736 3224 9626 7510 322 2355 5846 1970 3800 4741 9395 5384 4780 3611 4644 9094 167 1260 4040 7862 8560 4548 8095 5889 944 4773 3591 3015 700 9506 866 3092 939 8968 8278 6212 9407 6923 5217 5762 3317 5908 3607 4059 6840 7685 5681 4202 4486 1100 8298 9539 6281 4604 5794 237 2521 7574 1088 1130 4805 1528 996 6772 7030 1135 2794 663 4974 5788 94 1561 5625 3352 9062 5635 3337 1328 360 2356 7233 623 2881 9854 3919 8862 7243 3626
7999 9600 1082 6239 5170 1228 4535 6060 9513 9917 746 1120 5260 2972 1466 2573 7511 8140 5663 776 3010 2307 1023 9719 2042 7627 1921 5924 6030 5990 2986 4227 2815 5627 1317 4370 4465 86 9505 8643 5272 8696 1986 3034 8187 7194 5175 1160 4896 9228 3876 4667 4641 1658 2304 4868 5869 5052 342 1813 5408 441 9112 4130 5618 8750 5825 3659 8943 5329 9683 8565 1559 1332 1221 5357 7115 706 1625 8544 846 1825 8834 5200 4774 6228 8757 6604 858 6158 9624 1066 801 9950 1635 5529 5605 4654 3005 5987
2266 2593 3217 6869 3729 3268 9787 9130 678 6400 5202 7974 7936 4886 5777 8396 4340 4024 6792 1177 3892 7142 9063 7366 3698 7942 2607 4821 1867 9283 3242 1731 2942 1685 1895 1015 5428 3519 8106 3868 1550 2567 6391 9410 9728 4572 9412 6747 1944 4932 5470 7675 3731 3846 3510 516 4594 1405 3341 2358 3499 136 1843 7549 5244 6277 9416 586 7940 2641 9425 2859 3227 9956 9794 2860 8271 3521 6618 5540 6404 4256 3442 5030 1602 9974 16 9913 3814 3859 4477 3270 2216 8851 8460 380 1670 1492 2172 3516
8377 5791 5933 3548 6386 3229 5014 570 9361 5084 8099 2294 9055 925 6132 5130 8942 6638 7034 8103 7753 7053 2443 9855 1850 8662 1901 2192 705 166 4338 590 4127 5756 2219 7414 8033 7873 1946 554 4517 82 30 552 207 3503 7373 2115 26 8183 4243 3844 4453 7196 2338 9370 3175 6885 3300 731 1641 9297 9843 8342 5108 2398 3274 6371 3891 5379 9458 6912 8009 4906 191 6635 8709 2011 8085 3477 1819 27 1341 6405 8763 799 5519 9081 1473 7572 1617 1065 6054 6535 9814 7939 5662 2329 5906 4481
1877 3256 2989 862 4951 3390 5697 7397 1578 9445 4355 7518 3565 5433 3362 8168 803 8538 9367 7915 1402 3359 3171 5265 1972 4881 3973 6174 9193 4592 8420 2994 8058 8507 9636 9451 8302 7463 9811 5565 4507 8053 6094 294 7789 1233 7660 3629 4499 5413 7448 4882 8003 4244 8361 3806 9138 1929 1659 8208 7814 8317 3871 6330 7040 3504 630 5326 1309 3759 816 171 8951 2944 1667 1380 9661 9378 5306 7663 7757 1815 9240 5059 5759 9312 1444 9373 9037 3251 1044 2752 7611 5702 4275 3778 189 7929 304 9461
8615 211 3239 9113 9401 6668 4568 1096 617 2676 78 5695 8223 8074 7041 9034 2170 3135 757 8529 1858 4074 2769 1778 5955 6989 3701 4911 3579 448 2188 4623 4362 4553 6463 1117 1533 7553 5865 3184 5287 981 1072 963 9739 9918 2116 4250 6347 8265 2419 9689 771 7966 6492 2814 5768 8419 5583 8828 6814 138 134 1388 1656 5215 1387 2971 6745 1764 1715 8962 6170 5239 650 6416 3133 2413 2636 661 4784 1733 9002 6438 8064 9213 5304 9097 9650 8665 8886 2342 7811 408 767 1331 107 7626 9140 9250
9053 268 3934 6566 4724 6990 9036 5980 2615 4767 460 8883 1316 6092 4766 1805 7798 2939 2797 5381 3870 449 7156 9831 6829 4858 1762 6520 4533 3970 1232 8184 7217 5880 4406 628 4389 5057 7094 3768 4835 5947 1002 8705 3036 1899 2691 2478 6652 3937 1406 7275 5513 6567 3660 48 5559 9985 7539 7588 7286 1246 2120 7266 9397 6938 8892 5405 8748 5314 3216 6952 3064 1712 6730 5727 4628 2910 4721 1716 7280 5597 9440 179 5918 9810 3957 1543 7905 3515 2677 3704 1350 9655 5670 7456 9931 7316 7357 8993
2620 3437 7443 6417 1801 9798 6114 9403 190 5978 2833 7490 309 6029 2432 6017 5779 5726 5371 8644 1925 6214 6502 632 3756 2689 4118 2299 5942 4264 9044 143 2749 9648 9547 3209 5127 8037 8417 5698 2376 5339 4598 4241 5560 8450 4036 8209 6291 5891 1964 1389 9816 8893 5523 3582 969 349 9471 5998 2322 1170 4225 9524 7486 9262 440 8815 6153 7926 1768 4354 1835 9477 2907 4769 3030 865 5091 2127 1987 9772 641 1579 3399 1476 6222 8952 3312 4471 938 2747 4268 8568 4945 3254 7213 2031 7961 8376
9265 6721 5046 6465 627 3708 3926 9047 8008 3114 6311 4522 656 5591 8713 670 729 6012 413 4090 4905 321 2634 3163 540 7025 778 6274 1046 6348 6785 162 1478 3864 4585 7359 6873 7607 4078 3294 5256 5913 9254 5806 8873 9491 3191 9635 6191 3984 3783 6495 6220 3875 2543 7895 244 5388 2715 9474 7715 5156 9455 4281 8000 869 3145 6805 5813 9927 2059 6836 5247 5249 7507 4988 147 81 1512 922 7785 5514 9777 7434 1336 2165 1945 3265 370 2323 8472 2952 1749 4936 2728 7654 3690 6293 6644 425
6587 809 9252 636 2564 3403 1109 9466 4085 7264 6695 4542 2442 5253 2745 3140 7858 2949 9184 6204 3484 9483 4526 4660 5646 9565 5920 6581 7008 7689 9258 463 7405 7475 3369 852 5997 3994 5979 4325 4124 174 3134 8780 9010 8677 1682 9766 2995 9851 4705 1536 7371 4539 9107 4913 3105 4129 6143 5647 1427 2451 8267 5760 5389 5466 3932 3328 4520 2337 8998 8689 9670 4376 9975 1024 4864 4516 828 2228 785 5335 9172 4547 5415 5163 9717 1556 4574 9358 1853 1345 8018 9157 5188 8903 9678 6858 7171 754
8953 6422 3867 9385 1320 258 4935 4958 8766 8559 9994 8453 9245 9438 4959 1460 5350 2883 6834 9630 9665 9767 8518 8524 204 8915 505 2527 6935 4416 4807 348 2553 3785 462 2976 4617 318 9293 9920 9905 445 4764 3556 5660 4310 5064 5246 4062 2754 6764 1118 1508 6150 7736 9299 916 5290 1796 9892 6354 3110 8196 4735 5398 3971 6914 1958 9441 541 7554 4082 2175 3471 1523 2405 7310 3855 7365 7070 7827 2937 2198 3707 9687 6068 2650 3307 7691 8078 280 1837 5648 4771 1411 6859 3198 4544 8165 2782
6950 7874 8172 7333 1224 7197 7505 1027 1006 1737 1558 4462 3448 5612 2379 8499 1565 793 1206 8190 1597 1471 9548 3534 9352 202 926 3901 6454 4620 8792 2464 8482 5251 2804 4386 4157 1509 4014 5378 1356 4918 1442 528 9940 6377 2433 9952 3899 296 4249 3016 2102 9806 6052 9318 9110 6224 9084 7523 9057 3119 6074 9751 8944 9075 5288 2535 2425 7065 1482 8446 7508 5294 2621 1856 3853 3603 5501 9308 629 418 7899 5550 5319 9289 624 3144 7263 2458 2397 9744 59 3981 8731 7152 2485 247 6953 3646
6961 4396 8458 2501 1153 3888 1420 3796 9993 210 2474 5699 7110 5884 4313 5873 8853 6315 1683 1905 3512 4892 7435 2404 9577 9415 1947 9233 8827 323 7355 5712 4649 3106 4518 8465 4722 5036 9951 9027 859 7978 6069 183 5104 3205 5823 8961 3811 7118 1397 4133 601 8333 5586 7632 6917 622 3358 4270 8273 9456 9207 9812 7774 8818 5162 3235 7921 4704 5832 5401 3111 1892 1166 4614 5484 2836 2273 9579 7591 2587 7543 3043 5999 5409 1918 1349 6784 1526 5437 8402 1881 7977 2506 8548 958 3022 6148 5817
8879 6568 264 1862 9949 5400 8432 6056 2832 749 5173 6387 7097 7898 5452 9977 3122 9778 9383 7218 9080 5224 6892 6605 2250 9434 1590 454 8578 6782 2475 635 3787 7984 7934 9667 7531 3318 5348 466 1037 1887 8177 3429 3321 8606 2865 4894 3408 6530 2327 8511 3068 978 3610 2584 7504 9574 3975 675 2962 8476 1264 8964 6872 3623 4058 6670 7855 3961 8508 3897 1412 6002 7012 319 2648 437 9146 4800 7548 2961 8351 790 1956 9654 2786 6451 5982 2246 1930 6234 841 4051 7708 6762 5147 7870 817 6196
8485 287 8389 1701 3226 3147 838 3599 4429 4436 914 1948 7937 7382 4463 1820 8315 9248 6774 1962 7338 7330 139 2929 1551 6787 3087 7569 4955 3367 1333 8737 9368 3182 2646 9614 4981 614 6457 8334 2010 6295 7985 9043 1290 5380 1816 6393 208 5617 4083 3505 434 2757 3695 8744 5527 508 4506 1321 7436 7413 3494 4701 5842 272 1704 1273 8616 4719 5542 7630 8842 7819 9779 4707 8692 806 7295 9223 4982 8356 141 5226 6934 4775 1633 2679 2003 966 5538 334 5330 709 5498 2008 7000 672 9018 1457
4772 4086 3490 7625 9520 2551 6675 238 119 3569 6165 1121 8320 2867 503 8405 890 8281 524 4850 5720 6462 2114 71 7036 2807 8164 7216 9098 7890 789 6866 6305 381 6913 4307 5666 4237 6257 9336 267 9684 6846 6898 9588 954 1292 6379 7163 2990 3204 7339 8945 4691 642 2319 4927 1742 9904 8751 8505 7260 3063 3530 6401 1793 7167 3545 8765 3000 8468 3833 6419 6081 2391 198 9079 5178 3769 2271 1111 8484 1375 7727 7829 2792 4836 5860 8937 67 9238 1366 363 7102 7930 1056 7137 9643 1734 5463
4070 856 1165 2835 4385 893 4136 1503 6589 7201 7477 8670 1603 1474 1011 310 2336 6215 8917 9419 8589 8054 2025 9338 1664 5798 6300 2721 1167 4093 7162 2281 5438 727 1849 1609 6024 5167 6384 9348 988 2335 7362 2339 3905 9300 3633 9703 1841 5557 6860 8215 4630 3549 9288 1838 325 4295 1164 6046 5799 7374 3462 9696 1720 9582 33 3031 8742 3598 5506 3763 8571 9218 9900 2254 6777 1464 5515 8574 8057 1151 7537 4149 3553 9674 8760 7618 7837 1428 8782 945 5303 6650 1840 8801 4080 1035 5479 1900
4247 4282 9972 9735 470 9906 4883 145 6769 574 7386 3818 7262 4213 2215 2722 7645 6117 2633 7098 585 6899 8535 7880 3232 2759 6569 3635 2577 8316 9916 7368 713 4556 4647 8657 2108 8520 9490 5652 4814 7112 7586 5638 2341 2098 8495 8049 7923 4194 7713 6053 9984 7380 7100 3104 6546 6669 2774 2325 8845 1211 9664 4045 9595 589 943 2086 2047 4261 6115 8627 3006 8789 3773 5187 2149 4635 4610 4537 1588 8270 7707 1137 4842 8330 6583 8068 3309 2604 148 9959 6903 8994 7879 7313 1445 1615 5002 522
50 1730 9389 4079 8098 3699 5218 3501 447 831 3631 8516 769 2092 9997 9101 6636 152 2365 591 9349 6070 515 9551 626 7395 4975 1086 5429 6943 3683 4618 8871 499 2377 4811 7042 4605 1804 5055 5609 8867 4351 6544 5881 8052 5642 4449 3439 1531 6244 4031 5494 9784 2983 8647 4817 6760 2826 6269 7683 8814 8956 4720 6202 7516 9576 6178 638 3029 4860 5473 402 8272 1235 277 610 176 4232 3862 1374 8185 9355 3912 7826 5111 69 1205 4903 3128 2058 6691 5211 9990 7027 6272 1409 6425 9061 6920
3027 9740 6186 9007 282 7347 2217 9162 1538 2295 6525 3262 5486 551 7935 5834 2348 3784 3257 3883 5984 1416 4483 1798 206 4569 1042 6141 4041 5874 3076 1415 1025 9099 2505 2109 2951 2809 4461 877 582 1263 3014 6804 4469 9634 6643 6818 2384 4640 9234 1812 1965 3485 9953 9919 6835 830 9224 3542 7836 7267 9709 2695 4718 6049 411 6126 3096 4214 3481 5387 3718 5080 4843 2388 7256 4096 1062 6634 1665 100 9330 3648 3559 64 8824 1941 4760 8414 4301 2392 5462 3662 8604 6055 1740 6925 2627 7724
6830 1335 7792 2420 8741 8794 4960 986 9024 84 8392 8707 2605 1577 2647 777 5140 4578 2886 2919 1423 4425 657 192 575 2613 5975 5661 8804 9925 396 6614 1282 3920 5155 7743 2402 6483 5252 534 3292 5967 6474 5406 4455 7123 1395 8681 8186 9771 9578 7882 4749 5397 3032 4448 1033 9168 3130 2140 9151 3954 6801 4659 1069 1258 153 7185 4879 3237 6688 8118 2905 6106 5430 9660 2094 2612 682 6122 1913 9606 702 8224 3065 5701 4947 7766 8650 9013 5571 1926 1911 698 7398 4412 3713 5047 3379 6282
1277 8146 6954 8203 693 934 355 4104 2829 9741 4273 7527 3656 58 3982 6061 3095 9406 3117 5851 686 1871 9353 5118 4511 2813 8380 5531 1746 568 2979 3245 4470 1977 1783 4575 9429 8020 9639 7129 2703 680 6140 2918 394 1197 7911 2603 6548 2191 157 3843 2424 8570 2343 6982 593 1384 7583 252 2790 6622 4567 1883 6484 7078 7975 2756 8343 5815 2080 234 7620 6110 4510 6241 132 3989 8863 4132 1939 4228 3601 9362 9221 1094 6303 5103 2511 4373 2438 5859 2465 4365 2973 6833 3319 7745 7719 3592
7558 8167 4004 1169 7992 4915 7729 870 3525 3233 3467 4293 2007 2917 8479 1520 4550 9872 7445 3945 3033 4758 3952 4531 6472 2220 2430 9092 4536 5539 6648 8567 2510 1789 83 9380 6911 8850 7278 7336 1827 3741 3434 469 4360 6058 5181 9059 6187 428 766 1291 884 2309 7244 2427 4986 7494 1706 924 9708 80 3443 8923 5925 956 3861 5320 7116 715 9269 9569 1253 7913 7090 7016 255 5592 6654 7722 9587 3654 1301 140 8610 5029 7107 2063 7165 658 4334 4318 8687 7309 8724 3079 8708 5564 1093 4427
1334 6250 9590 4845 649 6090 181 9351 4395 4739 9593 3747 7103 4676 4480 2461 6998 1140 7109 9119 9204 6067 8393 2483 7198 3215 1729 1156 9083 4626 904 9096 2380 3613 1280 3575 5903 9447 3152 3247 2233 2133 1698 8989 1310 6876 1145 3969 9164 8430 1799 3924 7524 7965 2515 1114 3157 5119 8015 2297 9307 3330 5864 3044 2087 8364 583 8790 716 2731 8279 3037 2248 4434 2036 9575 4865 2876 2367 7089 1083 8666 721 9346 6529 4750 2522 2089 7710 6434 7230 184 6237 7925 4112 9615 7221 8195 353 6586
1914 5674 5277 4374 9681 577 8125 9602 7947 3166 155 2048 8550 6910 8861 1191 7780 5141 4326 8536 4919 5528 7186 4184 3311 8997 2421 8483 8066 823 9316 9272 5228 7633 8311 5741 8198 810 1933 1185 4952 6207 3676 1655 560 9085 5037 4615 7057 8987 9555 909 2448 8411 7957 8044 5946 4763 8121 5715 7635 4171 9568 9266 3581 3848 9393 8474 8626 366 4885 4965 2582 2181 8745 7777 4182 8296 1391 825 4895 8807 7314 1499 5001 9292 6155 5711 5373 2283 2718 4309 7500 4135 9641 696 3896 3522 3904 4798
8639 6971 6783 4977 3078 5907 9303 5914 2103 286 4092 7079 9497 7773 3323 4371 7322 2536 737 5106 1806 5551 135 97 2665 3922 2748 9237 9141 3236 2326 2471 6536 3797 9127 6957 8454 7800 5019 3878 7329 2253 4111 4816 1524 3167 9448 2899 3930 9203 2598 5742 5 1091 6105 7291 2870 104 2334 339 7391 3180 5182 5278 3634 634 5895 640 3817 3585 1112 5922 5896 3956 3094 1036 193 8404 4284 6123 7576 9773 3050 6290 5491 7797 8927 8706 4018 2502 3125 4193 109 1481 3165 9030 6078 3177 2163 7038
7962 111 8019 8658 2395 6367 8979 2503 149 5205 3632 5637 9942 1149 1452 3865 3834 283 8362 4357 3039 9304 1744 2758 6323 9534 4910 3555 1693 8768 8611 4152 8653 5237 1671 5729 6771 6609 5509 5115 2879 3828 4350 7424 5899 426 3153 5836 3048 2157 2449 1183 4586 5458 8628 2302 1272 9489 8552 6232 271 4341 288 4230 1807 112 2920 8734 7901 2950 4156 3046 7980 7943 3915 6626 7010 9486 6381 2306 542 3664 2401 8087 3354 8982 9315 4064 5507 2 7031 2470 6350 6259 9377 6759 9998 5271 8027 4160
1079 3552 2318 5446 5372 6491 2151 3052 9510 844 5724 444 6661 6765 4661 8860 8295 7385 3266 9880 3099 1244 3738 8936 2943 2362 834 1256 6376 3941 9463 3195 4665 5570 8424 7585 3460 2029 364 6640 7211 331 6861 5608 6342 687 2472 9135 8086 1248 1910 1092 2873 421 8421 5769 3594 5468 5042 7751 8152 3802 1074 7133 75 3807 2847 842 2084 6418 7075 3887 2077 7550 1527 3955 6230 9761 4669 114 4405 1339 9033 7253 6478 3158 6038 5279 4120 4889 3070 703 9695 7062 6564 8290 5391 8191 4440 4458
3799 6345 6288 9970 531 6073 8401 2061 4308 7011 3230 3651 6702 1710 4538 8992 7068 2683 6886 7292 6563 7476 4852 5230 6995 5872 4837 9329 3458 7598 9518 8368 8629 4400 1500 3436 3622 7028 960 116 3491 1465 7258 5360 2016 8143 3893 378 5017 3863 602 4239 5399 8321 2638 8110 9176 4081 8179 2726 5464 6194 5027 1231 1078 1826 4989 9105 6533 2840 4929 1133 2578 7712 8685 4938 768 126 2668 2975 5688 6254 1657 2399 4033 915 5194 7045 6201 9042 7649 2639 6645 7875 7429 4776 6082 3093 1315 5250
8327 2113 2073 3953 7599 9519 4046 384 2423 5578 4746 4323 4723 9222 9206 3042 2619 8769 1980 295 6592 7324 3650 341 4179 9805 4088 9584 7 6993 9532 4320 6737 3449 9038 7059 1390 8491 7051 2437 2768 7466 2232 6956 7015 4976 7288 465 9888 717 4203 5963 8880 8852 3071 6526 6584 8806 1718 2969 9869 6915 6487 1003 4622 2072 9191 9280 2046 2681 4005 2441 5905 7174 5274 5207 1362 5480 3906 4925 2823 8075 1750 3682 5094 7852 7223 1222 4961 4413 8132 2851 2204 3528 8331 726 5201 6790 2075 457
2848 3681 5645 2661 3936 5819 5351 7853 2699 8189 7158 6195 6020 2005 3752 2861 6534 4240 3737 1462 8147 2498 9328 5752 4629 4265 9050 9278 1794 3258 2912 8309 4744 79 7384 6531 8551 2422 5262 3711 7019 4094 7532 7521 5295 619 9509 8911 9473 7093 9436 6039 9859 9195 8779 6129 8631 7740 6559 6130 7912 3103 5900 6571 3162 3097 1878 8759 3538 5619 2332 4664 987 5544 6113 2180 3964 6370 9746 5805 1210 8791 2459 4060 7440 9022 7250 6752 2785 4431 7442 5961 4625 6811 7420 7542 7492 2263 6593 1585
5743 9088 4150 6788 8251 483 4993 4987 5822 8717 2569 1803 3306 9344 4328 6983 9863 1854 5368 4715 4391 8811 1758 1717 7825 5781 5680 4148 3149 1917 9476 5189 5966 3917 2824 1201 8634 2268 2023 6699 3668 1439 6139 4934 1943 9808 2189 1043 8735 8730 8793 5169 1373 7026 3531 4871 7306 8192 9560 8594 7802 689 6112 8840 9941 5730 596 7559 5994 7824 6018 6623 9235 5669 1403 6786 493 5685 1470 1026 5941 4178 5524 7580 5500 8655 3498 276 1628 3397 6166 4564 6831 8161 36 4252 7779 2938 5110 9340
755 918 1591 5282 511 7648 7981 8949 3775 4725 5503 3819 6050 6369 4019 6394 3584 386 4016 6372 8045 7290 6176 5292 1247 3765 3188 8188 5185 7960 9563 7327 8254 6615 7544 2659 1300 6585 7796 9321 8462 9642 7246 8710 9583 955 1680 7064 7259 9129 7349 1893 2056 62 7731 9769 2844 1110 7159 6708 1989 9467 1572 1052 3420 406 1438 1600 9120 2428 2468 5434 2242 753 5358 6242 9067 1285 8554 1313 7763 3880 3176 5089 1506 546 3196 7863 3393 970 6628 7305 9214 3348 4563 1515 3495 9071 4695 2820
4967 1767 9369 7747 8135 5883 6333 3774 5361 3011 8846 6510 1326 7251 7787 168 4571 5242 3246 3466 3047 6102 4840 2009 997 1831 9968 1672 9426 2669 1782 4348 8960 228 4478 4908 3112 4122 6951 1752 660 5731 5750 1294 7571 5916 8286 8437 4330 6891 8403 9029 6794 613 848 6243 1666 5248 102 6538 3305 6657 3155 1647 7697 256 9139 8072 4714 7817 8970 9350 2889 9232 2767 2369 4765 8011 4023 9181 1620 498 1573 4897 8283 9070 1582 8904 9653 5960 2205 70 2717 576 5039 5886 439 2780 9396 485
8607 5051 2017 5654 2022 895 233 9834 9604 1493 175 7255 2817 4607 8216 8543 2675 9508 6011 5213 7804 3090 4199 7954 8372 9492 8359 6680 6229 6933 8678 8455 8337 1788 9511 6639 46 4672 8889 4867 9052 3508 9540 1649 7058 2460 5085 2272 1839 8067 3580 3931 482 6627 7376 4387 5056 6409 4849 2276 9060 3688 3108 6656 5739 659 6685 7317 8313 3546 8222 4964 3988 2714 8091 4276 7464 3960 6355 4274 7480 5327 815 5122 1994 2719 468 9924 9999 6588 6503 4963 6375 6877 6824 7900 345 5142 3326 979
1611 9756 3378 8013 195 9902 2635 5958 9838 7043 5871 328 7752 8388 5704 5820 270 999 7589 3760 5383 3777 2673 7788 8158 7283 835 8715 6273 8369 9227 4971 761 6032 1860 1245 6919 2044 1504 2375 4262 6868 6346 2885 9169 5078 275 5190 3472 1857 2185 669 9134 2616 8969 8781 8030 9298 6565 3115 1985 5455 472 6826 6714 9891 5289 7081 4917 6689 3939 2162 5814 8439 7178 3189 8830 8598 6035 4428 773 4530 6307 1781 2512 1702 7688 7590 1359 3040 4022 9894 8274 8941 7794 8547 8137 4115 3543 2778
827 1480 9702 6028 9763 837 2602 3985 2426 8046 1514 6612 7432 6573 6490 3373 1116 7664 6870 164 2043 2730 8204 6926 8726 9731 1634 1251 7953 2609 5532 2143 8684 6205 4101 5505 6561 2924 9320 2064 6793 7695 7744 8240 886 2069 489 8153 3836 1771 7234 1491 5456 5921 2685 9093 1575 2034 6467 6086 3677 9852 4789 221 1616 7020 1709 3324 3169 520 3696 8253 8501 6625 2494 3755 1461 8175 1176 480 7972 2740 2712 5915 3339 2765 8525 3748 3560 7535 2182 8603 8394 8178 9926 474 2513 4296 8063 5862
3287 2119 974 8326 4290 4612 6297 2194 2597 618 7240 3624 3609 6855 533 665 8521 7711 9523 5451 526 8492 4418 3282 9549 2970 5321 5013 5956 9939 3889 4235 1724 6734 7562 6947 9217 7106 5833 4417 9468 6541 4546 1378 7381 4441 9836 3225 2429 7002 3838 953 4793 710 3914 2105 2350 9427 3724 3346 3388 1606 9663 2134 783 3007 7560 5518 4966 6395 5150 3938 7994 2559 1897 5904 3375 7227 301 4968 14 8391 3012 8459 7287 8005 2516 5755 432 6109 3923 306 4980 1084 2525 4611 1123 2078 991 1226
1157 4067 3746 4991 9608 4866 5624 9414 7928 5610 8502 6755 6942 3602 9323 4528 9647 2300 5525 808 7887 8533 427 2693 1214 2901 6719 9915 3161 8028 8116 1468 1916 9528 6276 7570 6617 1967 6955 9522 673 9713 6542 1765 2902 9115 3363 314 536 707 89 6366 5692 5535 8288 9966 3231 9725 4954 8097 1677 4497 4832 379 1128 8805 9765 8995 2444 5222 2560 8408 2771 6283 1622 6606 840 7963 7426 4861 7864 4042 7846 9882 1923 3916 7224 1039 1193 9337 7652 4231 8922 8899 6025 1414 4675 6013 1020 6177
6248 8425 5474 7091 1394 5927 942 1703 5234 5510 4949 6408 5721 4001 118 9694 5305 1832 2416 2664 3628 8047 1818 5243 1522 2371 9538 8182 662 2486 388 822 2978 9295 5858 7299 4657 6341 3464 4602 3410 1674 1382 3866 9652 6062 2060 7650 9156 1828 5520 8478 2418 5010 6739 2164 4125 9620 6440 4804 8716 1031 5541 3641 9089 2106 6679 2076 910 1541 4891 8126 1502 492 5346 9200 1495 2643 4393 4390 3513 6471 9803 906 3154 9137 3881 8221 1866 8974 9898 6287 7636 200 4797 1392 6997 9500 6027 9106
3757 946 1106 3894 4394 5148 3776 5159 4253 2657 4501 740 8142 2340 8157 3444 2504 351 2841 7854 2565 8762 7284 9479 3355 9437 9862 5590 2903 6447 9341 1485 2816 2839 1774 812 1870 8073 1791 6854 3278 1212 1795 142 1681 1357 3286 535 2396 7614 4999 2872 1297 73 7473 8618 8694 6949 4696 1449 3486 60 4633 2830 7219 3223 2488 4681 131 7276 6322 7592 6059 8407 4054 7646 5849 5911 7778 2435 5183 9487 9911 8390 5307 4410 8556 4084 5157 4151 9275 8691 832 3213 3596 4728 796 1780 654 5121
7501 7334 8887 2144 6728 3350 9973 3744 5569 3999 8205 3469 9783 2753 2507 8909 3842 5584 9807 2977 4812 2001 4246 952 6190 5461 1951 3935 7321 7728 2012 5676 453 839 5075 8001 9009 7469 7180 1684 813 1139 9215 8820 5240 3054 5375 2378 7085 6594 9408 8080 2382 6154 4791 8823 9145 7681 7319 6436 5675 4263 7182 4529 3478 435 3271 367 9943 1937 2843 5876 4172 9889 3762 8800 5316 2732 1773 6547 8119 9277 7183 5581 1922 31 7619 18 8617 7755 3069 5716 7886 1817 3267 9727 5877 873 3958 5332
3918 5423 4787 7665 9732 8002 5284 9890 6374 3417 5719 5313 8335 2622 5744 5853 1401 7679 5129 5171 5449 8051 2439 4786 3717 7193 3051 6120 4863 6523 1021 6775 5593 4142 8890 7298 6738 899 4621 8105 8422 9580 3526 4846 6524 9236 8130 6518 3199 6857 797 6076 2838 3336 5772 6364 1050 9601 3554 3283 5125 1324 6260 5107 4027 9216 4361 1738 8648 7119 2751 7328 6693 7861 6213 7101 459 1314 2027 3497 5855 230 6182 9640 9374 1190 8081 7308 1772 7343 7035 487 4491 9454 1 8901 6849 7412 3826 3567
9246 1668 5629 6902 1188 2155 5604 2964 3327 6433 9871 6005 9078 347 5549 587 3577 8082 4557 8199 6496 7725 3107 1353 1940 8395 9965 8258 4107 9978 5735 4577 1219 5266 8102 9422 6987 646 3424 6482 7602 9632 6339 7388 7918 7595 6235 7799 9450 96 4600 6727 3772 995 3074 4827 461 2704 7127 63 4075 3805 2035 1435 1743 2393 8795 6309 2476 3821 2028 6318 8093 436 9285 6071 2193 9198 3004 9627 4367 7348 3657 9797 1636 4872 4803 3432 9598 7453 2856 4426 2670 4638 4848 1404 968 9622 1747 9706
539 196 2499 6552 9372 8262 9065 7342 6988 2999 5983 6823 2199 7483 9958 5543 2795 5687 7910 4377 5606 6776 8775 3203 4692 3465 2878 564 4686 1399 476 4327 9144 6225 9525 7437 2819 8575 4190 8808 3 4346 8318 317 2690 8771 361 9908 6104 8777 2357 6962 5322 3356 8212 4063 356 1202 9178 4011 8673 2550 290 2274 8346 7248 3604 5048 1446 8160 5792 3693 442 1325 1696 9612 7458 6550 229 7023 7092 6888 4685 1342 2055 1513 3544 6929 8261 7257 6619 7394 7659 4742 3214 8958 9745 5783 4207 2968
8371 5100 6753 868 1204 3201 6863 3608 9605 8894 7121 4322 9048 5297 2863 9286 2385 3667 4634 2628 3678 6887 7616 9004 1852 6010 3082 8109 5392 3351 9780 6270 4017 4928 1000 6292 6197 5478 316 5931 419 3137 2837 7214 3483 2364 2390 9230 3218 8094 4438 1898 3730 3446 2992 6175 5214 8835 9537 1179 6473 6144 2229 843 2649 7888 4421 4549 5547 6304 4670 4761 9721 1200 3527 7515 9691 6033 2386 4368 9462 5848 308 1398 22 3173 2882 3976 5636 8934 1540 5132 1218 5431 7734 2945 851 9182 9923 6382
1379 7024 1440 8837 9268 8071 4131 6736 7356 1904 1949 1396 4397 7461 354 6740 4331 8024 7828 359 8448 1453 2595 523 4824 6597 9363 2891 7351 160 7612 6016 7485 3986 7770 6850 7242 1549 3349 2415 3706 3200 6897 1288 2231 3804 728 1884 9881 9402 6746 6651 1786 4712 9776 4859 8193 645 1424 6646 8306 6359 245 7847 604 5471 3882 227 5066 3380 7671 9391 625 1754 5566 7881 4806 763 7759 5991 6373 5552 7700 494 3073 3617 3178 9671 2082 9748 9371 5180 9848 1608 5363 2866 4762 4452 1122 4901
9585 1308 3661 259 5425 5757 9542 6368 5843 8382 1991 2947 788 3742 4097 1842 6349 4579 3304 1017 1410 4990 905 7738 5986 8227 8202 7525 2258 458 9069 4173 732 3025 7610 6733 2032 4898 262 8284 3368 1090 7565 8042 6219 5893 6095 2862 4856 9813 2623 4504 4210 7270 5763 9759 3766 2697 9864 7988 2450 24 1732 548 488 3383 927 7433 4254 5003 4948 8646 3723 6343 6437 6328 5199 3908 9570 5139 4119 2827 1874 7946 9809 7639 2052 2736 9296 7228 3454 930 3517 7617 9287 122 2289 315 7613 4823
5184 5866 5761 4561 420 9987 8935 4195 7122 9762 923 2822 4560 3340 1912 1547 6659 1855 8844 1518 7302 5968 7968 1141 9409 6442 7337 6570 7502 7696 679 9562 4251 1535 2557 8878 2409 7060 5766 1346 9444 5504 8714 7655 2473 5643 6431 6493 423 464 863 2095 4930 8387 6231 3487 1241 6406 3721 6828 7726 1846 8712 733 4552 2783 3835 9688 1908 6505 7838 3476 3055 6511 4778 9086 2529 4900 4297 1305 5613 2739 4570 6500 1552 7702 8056 1779 3990 7506 5954 8902 5081 3308 6267 3822 875 5863 9669 7004
3433 2210 5402 2317 5459 6882 1267 6236 2895 2015 6031 3459 3518 1976 8523 2234 2463 7520 6464 4312 4143 332 2209 7084 9504 3514 5706 2933 1934 8257 6820 6001 6677 7484 3018 3142 9981 6022 5765 4770 3942 8940 2993 8166 5493 5649 6063 5186 4799 2057 1865 6398 1216 9633 320 5700 9752 992 7808 2922 3414 9073 6889 8980 545 3120 8176 9802 7096 6275 4055 368 3686 6179 4862 3409 7706 7249 389 4218 1777 5009 2834 4217 7534 4459 7907 7014 3803 4524 2561 1498 5441 2530 8088 3489 2788 6403 9976 4677
9929 3764 8418 6435 2107 1728 8079 1630 9991 2004 2576 8914 8939 5845 284 5929 2857 3614 1489 4545 4047 814 735 8297 1596 1580 61 4003 376 2457 2083 8032 1274 298 4278 7849 1593 4921 6758 357 7472 5628 9306 5840 1938 6352 4757 9704 2524 7567 2742 3890 1127 4126 6996 1146 478 6423 9693 5390 9507 3782 5031 7927 3791 9366 4460 6312 154 6700 2800 7344 2203 4779 3572 3482 8531 3325 572 4830 7252 7108 3113 5216 8605 7996 3315 6660 8043 9039 5396 7361 9442 4726 1488 7069 7281 9496 5707 7080
3600 8758 3872 2167 6188 9960 5572 2574 6514 9938 6499 8036 5302 5917 7969 8219 4358 7215 6042 9241 8345 1652 8624 8381 2808 1979 3590 7657 1711 6671 6426 4369 4229 9883 3415 7131 2065 6649 2923 2051 8141 2631 9610 5852 8577 547 6516 557 1249 9737 4303 5340 311 7205 6742 3463 303 8466 2610 7641 5011 8415 1276 6167 1138 3210 4876 2186 1902 3207 1014 213 5168 9405 1459 1181 3972 7746 9733 1992 7073 2523 7465 76 3767 8642 2592 9884 8701 1225 5077 9554 2237 8410 5588 5268 8113 3187 9229 1087
9125 23 2601 854 5131 7392 6397 173 6515 9219 2941 7967 7177 3371 5558 431 6521 701 786 4071 1278 8537 3793 2966 6610 4829 4684 4065 1689 2445 7526 6797 2360 5439 6089 8247 4509 4408 4158 8159 876 6286 98 722 4353 3831 8120 8269 1099 898 4909 5045 4590 1845 7005 5198 9954 7545 8926 1051 5943 9197 4978 390 9457 7781 9553 9901 6598 5492 393 6461 7876 1915 372 603 6108 5257 6380 4211 2591 8600 5857 3132 1196 3295 3715 5427 8293 7540 4445 2469 6631 7546 4447 1418 1351 9255 3820 3987
3067 7269 8910 5264 756 3288 4099 9822 7209 2026 2660 7647 4756 7247 6894 5193 1448 8736 5753 1663 4498 9893 7375 1721 8385 5411 1993 4068 3028 4399 5082 2374 6852 5324 8680 5093 5521 5192 1203 7976 9564 9692 4168 7865 5311 4116 7568 6252 8534 54 3643 2247 4717 9154 6299 3426 4541 5120 8756 185 9934 6075 9202 8077 3801 800 7067 7530 3059 1601 8386 4359 9804 7833 2091 8959 4702 4234 3127 5487 4525 6414 5407 7311 2085 3164 1028 9672 9714 291 2313 3532 7995 7669 8444 9399 8384 2037 4785 5475
6883 2479 5776 8034 5374 9944 201 7422 5787 7497 2913 6131 615 5616 2490 882 4768 4946 1660 1880 1595 6294 7418 543 3088 6780 4653 5867 9621 1686 6709 4502 6554 5355 6209 2183 4163 4446 2791 5099 8985 3228 7335 6616 7670 7147 7312 8838 2914 7955 1186 4851 2301 3179 2974 8367 2291 9356 9774 7908 6874 3732 4044 9541 4155 913 5067 5909 9354 9839 8025 2854 928 4146 4831 4032 3929 6206 226 2926 395 1045 3722 243 7095 6999 7399 5447 3840 9190 6900 7765 6118 5684 7606 8656 7354 6722 5058 2270
9388 949 7834 2265 7998 4924 5366 7807 7474 887 2038 8609 7013 9173 7439 8566 7447 451 5263 872 3372 4321 4869 885 6813 1269 1984 1034 7820 745 254 8016 3211 900 7982 1787 1859 2755 8354 9016 9623 7841 7203 1365 3726 8553 3455 2223 4221 6420 8829 5365 9853 7906 9279 3753 5949 9147 8664 8874 3405 9031 7922 4931 6023 106 9481 4662 8090 7181 8513 9475 6970 4646 5083 7265 9628 2957 3902 820 123 239 6741 8287 530 4519 1038 7672 3966 883 5932 5623 6878 4077 4554 414 2161 6111 951 9928
1223 6667 5026 8350 3019 6549 3249 5807 9208 5972 8667 6896 203 6137 9907 481 1961 9175 6412 5460 4599 4165 9818 6655 7832 7496 9100 2733 2225 7136 7166 5472 2652 578 3933 3886 2224 2207 6066 8778 1343 4532 7072 7017 2858 3900 8275 8445 2953 9715 4642 5981 4985 1673 765 1295 1629 1369 7318 8017 3593 6686 2260 9796 6157 4345 2688 4940 2534 1889 4737 9631 6890 4007 7579 4912 7237 8847 4285 7113 8276 9170 1463 8398 4110 950 4673 6608 5412 1954 8399 3418 507 7459 4743 9930 343 2039 9314 8325
4754 6476 6713 8220 3192 4298 607 5870 2222 9571 7971 5691 1408 6134 6806 6853 6607 9526 5708 1101 2777 8170 5023 7238 9870 2353 5621 1422 2123 8370 6528 1571 5032 9430 3456 6247 305 2930 8438 5854 6501 7325 1648 6532 8857 3963 4189 5261 2141 7389 9325 5970 4177 6707 4802 3260 2893 1180 9465 2547 833 3263 3595 3658 3792 6284 651 3366 7421 5522 4154 4260 3758 7190 1287 7360 8339 4306 9850 3702 409 4490 8340 985 9482 3620 932 5736 3557 772 9264 5639 2227 3202 677 7340 1175 6258 5977 2455
8590 6007 621 1236 9544 7860 9948 9625 6385 6365 2236 6087 982 4444 5490 4551 5000 5410 2931 5315 9335 7268 3243 6879 299 2447 1059 8151 5359 6976 9375 4508 9177 8426 8173 6936 5831 8849 2908 7803 7718 9825 8564 599 8358 2081 1330 9668 9786 6963 6121 4145 4300 2135 2588 1189 509 517 6985 9609 3520 9041 9165 7623 8872 794 5887 180 7138 404 6974 6296 53 2226 8039 8493 8671 7604 9180 6880 2618 3206 1811 4591 3411 4109 446 8084 527 9021 5128 3780 9820 3850 2625 8704 4818 2806 6460 5928
7609 7914 2014 7478 4248 6160 4442 3248 9319 9561 9270 3816 9895 9478 3382 7416 7816 3781 8787 3060 5971 1068 5012 2539 4113 9290 9842 1054 802 4128 9912 9757 7737 5951 3338 7703 9840 7274 7467 6706 371 2197 5664 2230 9171 5421 6216 3129 1490 2909 4061 5477 1358 1784 1431 9189 6662 667 6340 3208 3041 896 2496 1032 8580 8783 8378 8292 775 40 1311 6907 4072 9637 1299 6026 743 4305 49 7083 5964 4175 6093 4039 5567 3703 3873 5417 1978 4388 9823 9382 9515 9376 2735 3168 1894 2251 7605 8
1058 4430 7843 2214 5703 9996 8213 8467 3502 8059 6711 1988 3839 5526 6992 9896 4269 6796 7271 3183 3794 5341 1574 2320 2916 2608 7153 1306 513 8928 1599 853 2243 297 5382 7959 6674 5656 3857 9066 8637 279 9435 7151 9754 2519 3621 4451 9932 3949 1131 3402 6991 8946 289 9008 8773 265 5585 65 1545 373 3416 9673 8573 7754 2958 736 5416 7470 976 7944 829 8976 3539 3002 5457 9531 8277 7150 3879 1487 1372 6021 7074 1298 6468 3066 7547 3021 7377 6411 6697 3109 6789 2288 7621 1318 8527 8375
4663 1155 4422 917 8214 8127 4219 8169 2293 2737 2789 6351 9720 5930 4384 2934 9117 962 6527 1154 4679 7720 3727 9498 9261 5337 7938 3856 8906 4874 382 7111 5385 5713 8686 2239 4652 5144 8796 1286 724 1896 3649 6301 553 4671 8723 4893 9131 9305 6486 1004 2020 8813 2570 5937 5109 6057 5888 4283 5286 7628 39 6940 186 9108 4206 5497 4857 1142 6116 6720 9611 7871 7139 3457 477 9686 3261 2686 631 7400 9400 3841 3303 3625 5004 4495 4204 9857 2906 5138 874 9271 5892 369 9211 2846 6430 9618
4582 5533 8876 4727 6164 1627 7273 1383 2682 261 1063 2354 6678 7149 9025 9111 2585 1642 1377 9142 3685 1125 9136 1722 6555 6562 8897 6724 2467 8855 4753 6718 6972 3959 2626 5072 4710 1323 2884 8111 1676 8739 4608 187 1344 5394 385 6036 129 7049 4302 3770 8659 7493 4335 5926 9257 352 7157 1198 5589 2810 1126 4747 6994 5212 4332 7601 4238 7241 8996 7277 4601 5338 781 5293 3493 9742 7919 2147 327 7444 398 5195 8690 6748 751 2766 2671 4292 9680 4922 3561 7795 392 3441 9103 565 4826 8585
1678 7902 8924 989 7404 4035 2520 9964 9700 1070 7997 4378 250 4689 422 5775 9979 137 5231 8661 4187 8363 1010 562 9045 4631 2864 99 937 3440 7293 38 1592 1654 4443 4315 6443 2278 1107 2594 6601 4713 9874 9682 2517 1162 2500 3574 2702 6327 902 5229 1891 7644 5555 2024 3754 9345 3998 5516 5021 1928 1981 5659 3240 9259 9209 9760 9945 7916 1163 4138 8481 1645 569 871 5275 9054 2984 9572 416 6184 1875 9865 6837 5300 1327 2787 2146 2775 2117 2481 5068 2845 4352 7082 491 8652 1727 3615
9301 4839 1013 7144 5267 5789 5938 9619 9775 7563 6576 7682 9413 8700 9550 759 6079 1250 3666 7732 6396 3672 3627 5894 2403 8263 1419 5028 9309 653 6653 1089 194 9885 4573 1792 3100 685 9723 8144 1085 375 3636 4745 2315 6326 2201 9710 4711 8145 1510 7945 2383 5317 3700 990 1472 3118 28 2218 807 387 4415 6687 9432 947 6986 9188 7200 8788 762 4515 2720 1548 1861 8719 4196 8558 9749 6494 7983 3072 6221 7076 4853 4527 7208 456 1376 6356 3470 9074 5771 3951 8427 9186 4494 1587 758 2526
2002 7390 9282 5090 5095 6146 6865 8225 7893 5344 2772 3194 7891 571 5134 5959 3084 8365 5856 7801 5969 6596 4698 6163 8865 1434 8727 5683 998 5950 6223 8266 8301 5686 7363 4464 2040 6939 42 3798 592 3193 1270 3124 3946 2121 5962 9821 8440 9460 6088 7514 5105 5764 5556 5668 4587 2079 2558 9815 5020 9527 1542 8332 6298 5811 6218 6893 246 6100 5517 519 3829 5033 1968 1370 3991 1430 4890 3694 3655 7667 7666 6735 9439 9988 9589 6444 2373 4029 9559 1134 2581 19 2178 7991 8021 1484 1864 3825
5839 8431 5885 7055 475 5952 7341 780 6696 6895 6189 2538 3689 6047 4998 9616 6979 4141 9003 7367 739 637 7304 5600 1953 6705 6151 6703 133 6015 7603 8259 8764 1971 3734 90 6551 130 1619 9512 8285 9051 4183 8416 7597 5830 8774 2279 4337 2169 1275 1407 6389 3181 5476 4280 3550 6766 5312 5432 5594 1624 6968 3983 5580 5097 666 5745 7184 9501 497 8174 2750 2361 1381 3342 9179 8489 5436 8755 4216 1610 5633 333 113 403 5821 9552 2174 5782 5073 7358 4916 8299 3832 573 2888 7883 7790 5767
2855 1692 6308 1030 6967 1809 559 3605 8718 7608 7487 3858 2394 5773 8374 3948 4242 744 1851 4953 8587 712 7345 3849 7449 605 5878 5096 15 2411 1150 4688 5934 1725 5123 5236 5709 2552 3638 6620 1098 3618 6977 6579 9846 3488 163 7204 2090 7885 7776 7261 792 3024 4180 7173 5835 5495 4732 4419 9124 9586 5197 8231 4944 9260 7199 5790 9685 8323 8601 9072 7884 9392 3680 6041 8812 7821 2572 9263 8572 1338 4694 2292 8328 8486 7739 5611 4174 6302 3852 9921 1455 9690 4008 5015 5005 9256 6009 1262
5259 4089 6048 2363 182 7195 2542 6803 3293 1322 8955 8443 6779 4006 8348 3996 4956 1367 2296 5296 7148 44 7522 6091 9781 4454 8799 3058 8241 9126 146 3329 4021 5154 4114 5995 4188 644 7742 2104 7179 2349 4819 9768 7931 7022 2871 3461 5723 3884 6578 9899 2328 4073 1868 5640 4286 6781 4558 3423 791 2900 7897 7577 9011 940 8663 7840 7346 5040 4411 2887 8641 5774 1421 7387 5758 3541 3185 479 5386 3568 1990 8163 8672 4424 8931 9817 32 6725 579 6135 2880 1173 7631 8029 8352 6519 3725 6421
8089 9379 2821 6077 8528 3422 5614 9529 1888 1296 6841 1651 4855 9567 3141 5208 7851 4512 1983 8250 5422 1584 2637 3675 1257 1348 5034 3558 5816 2948 912 9398 1996 3573 655 5837 8569 4392 2387 6770 6580 1458 3450 2368 6306 1497 4236 7509 6045 7575 2013 2532 87 7303 6264 4783 9800 4970 7987 7566 819 3943 9028 6320 3950 8268 4678 7512 8645 6572 2684 7917 4904 4810 2710 3381 3719 2508 805 4690 218 6807 4584 3001 7793 8916 6280 9035 6193 6716 4185 5641 2370 2654 1823 7844 7191 2159 8738 7192
