70 60
725 3904 167 1115 1818 4091 923 2918 3499 3225 1268 3711 1335 4024 4027 3111 792 1488 2718 3478 1005 1761 1098 1838 398 3692 3628 2601 52 1510 947 3953 3643 2567 934 3457 2152 1746 3435 902 3838 3529 4053 3235 147 3161 1861 2096 4146 3804 3665 2120 791 3880 2984 859 1579 256 3007 2188
1073 1690 1968 2776 1037 742 1117 735 3669 1960 2148 2642 3729 3827 3285 4010 2835 2543 22 1460 4064 627 236 821 1676 4022 4095 696 959 4086 3401 2194 3910 1257 1221 2859 2199 3541 618 2478 2021 4092 115 1696 2625 3574 2353 1955 2128 1255 3143 1524 399 1730 1845 2132 1898 1120 551 1428
1512 2345 4116 816 1721 1646 3805 1059 2763 356 1899 4144 1667 3352 2515 1278 2085 40 2902 3218 2380 1565 2917 2943 1072 671 3823 2749 3818 2274 3300 1454 3802 3197 2853 2952 1471 2654 2411 2007 2474 686 1942 4153 688 3941 1624 54 1207 3173 184 3258 3311 3657 1064 2214 2504 910 2 1023
392 2978 3494 3505 803 234 412 2558 2965 1361 3961 3920 45 3246 3604 1234 3639 1878 976 2009 530 3839 535 406 585 1029 4001 4143 336 4000 3184 404 353 2603 1918 181 1943 2108 4026 2170 2594 3820 94 1350 1725 2191 3334 2453 2966 3170 3518 2072 1526 3897 1975 128 4126 577 1894 1851
3023 2801 19 2771 2794 2884 1108 785 1191 604 717 3222 2418 2006 491 10 1056 808 874 3448 2273 1556 4138 2421 4002 881 2667 1469 2360 4187 4003 3638 1702 2761 3600 1362 1542 274 2167 101 1130 2755 1665 1437 2311 313 1578 1567 2502 3555 852 4167 3312 2977 2335 57 3213 2620 3976 3003
2809 3420 2941 136 1765 3825 3330 2339 2022 2636 2731 3876 4069 1307 3973 2222 3473 2284 2490 2365 3294 4134 1705 1399 1281 1160 3852 2553 3370 1593 88 4056 209 493 3292 261 2403 3822 797 361 2592 240 2804 2399 3384 3925 3995 1461 3224 1733 3745 1613 3817 3652 1585 76 2949 3787 2750 1671
949 2150 2950 196 271 4186 3857 512 1110 107 1231 3664 2630 867 3020 2386 2683 3632 3153 3593 4137 1722 2726 1027 38 155 3303 2764 1735 1739 743 1569 3506 56 1857 716 1755 2461 1741 3128 2545 515 3440 583 1616 2181 1254 2269 278 227 891 3882 784 431 853 2717 2856 2517 3899 2205
1443 2004 2248 191 862 292 1819 1140 2910 994 3702 1655 545 1277 1543 1662 3799 3451 1645 2765 2388 1216 1683 166 1400 3460 410 3755 2101 713 1453 3722 2019 2306 4093 3369 3661 1966 1607 876 3898 3407 3101 2531 3521 1706 438 3602 4183 2296 3323 650 823 914 3878 592 1877 311 2227 3808
355 1594 2318 3341 2846 3004 1414 1082 1417 4198 1491 4017 3463 1355 2233 3027 2961 826 1988 1558 4168 120 2392 2422 1812 3614 3048 2334 2516 4062 2939 1987 1195 305 3583 1976 2305 1475 968 354 110 1916 2627 2299 525 2805 3896 3032 123 3231 1219 955 250 405 434 1553 3893 3250 1167 2945
2475 4192 3846 1109 930 364 1337 1450 558 4110 2236 1996 4014 575 2860 4177 2050 760 1346 1917 809 1547 2743 1162 672 3255 3874 190 3571 132 3036 1715 322 403 99 2178 3939 144 3748 2922 1806 2708 1418 697 2077 3493 888 783 4151 600 3375 3663 3474 197 1114 3359 352 2709 2938 91
1310 1095 308 4100 532 606 2443 677 3119 3068 1134 1840 232 3772 964 2900 3275 818 2816 715 774 1927 3298 2766 2260 1808 469 1366 2308 1034 1348 2348 2213 153 1747 3392 584 2697 3517 2293 2715 1198 999 3464 416 646 3115 1263 3681 645 2153 719 1339 3200 4099 2140 3159 2197 3996 869
2714 756 2615 127 299 4122 1805 3441 2666 3049 1791 2053 383 630 2577 2252 1213 3271 390 2694 706 1500 2777 670 3618 2711 4179 2808 1769 2774 790 3411 3946 3479 3031 2500 2942 3469 459 2326 3326 1592 1670 1240 1020 3272 3629 1441 1663 1610 3727 3058 1811 141 138 508 3087 3972 1097 1133
394 3785 1068 2450 1813 1604 2873 1693 1473 2552 1768 3403 3452 2444 3338 116 1458 2012 2317 1920 659 1092 3747 3167 3357 2402 3207 1081 564 225 3868 154 1620 4163 2169 1377 3099 3978 3713 408 1148 3547 3140 2566 1230 3906 679 1728 614 1858 2439 472 1479 3228 2976 385 3154 3543 2387 526
2931 3212 1514 2844 2329 1112 2557 3844 1102 4050 1332 2760 4103 192 3379 492 78 3864 2854 175 1557 1344 710 3149 3847 1387 1106 3682 1972 178 368 1455 944 747 358 3387 2611 3325 2855 2219 1001 3018 1804 4165 2087 1214 796 1481 1170 1505 1165 1463 1584 3840 2060 2224 1941 444 2268 666
1299 2537 2163 447 3485 2989 351 2596 1478 1342 1635 939 2951 898 1199 2968 1412 1215 2312 3667 2843 3519 2649 1521 1571 4068 3074 4072 3655 529 2055 3834 2131 1006 3057 3921 2058 1781 2609 996 2121 3005 2390 1462 1078 586 3092 2688 3062 1383 3164 3229 3104 2441 2417 3524 1823 3773 4123 1656
2645 1211 4136 298 3276 2051 4199 1253 2282 2246 130 1248 1985 2125 626 676 882 2721 3674 134 2895 2551 2107 656 2583 419 75 2476 1630 2187 3390 2803 795 1777 608 3337 4148 3587 421 4089 649 776 3 2593 3299 1595 2333 1608 1157 927 188 3774 3720 2795 2423 205 3879 589 3924 3269
1576 1636 3647 1189 3688 4094 3687 1364 3648 536 3307 2044 81 1164 984 1374 2737 1989 2772 3091 2277 3249 1668 1251 3490 2507 1061 124 1609 3622 2887 3881 2385 4071 727 587 2473 207 2057 2369 3842 2192 287 482 2914 3943 1675 1682 693 2548 2829 1218 36 1322 2571 3551 1004 836 202 2458
631 1138 1217 2773 3970 2935 4055 121 977 3467 1511 1495 855 652 2909 3322 872 3125 753 2094 3077 2321 3254 595 3851 3577 409 837 204 2115 3219 1977 2207 653 1433 1365 1992 1847 2837 3967 3776 2713 2752 1658 4049 2350 63 3344 1051 2123 2619 806 2822 1508 4039 868 41 2287 1913 4121
1131 1866 424 2802 553 342 3040 1247 3039 2565 2234 1402 2073 3717 3497 546 2999 2409 1629 3196 1551 3630 3590 1535 1389 3445 3821 1228 2158 3094 457 2356 1677 2157 1796 1908 1067 1930 229 2882 1950 2118 680 3816 3175 704 1403 1822 1599 418 1392 1000 365 4070 119 3489 724 3615 420 982
2892 105 4079 1457 1395 746 1882 1516 1530 1340 1692 2668 4197 1783 3689 2899 3361 1141 1045 4120 1369 1597 3133 3083 705 1060 2442 2173 1623 362 1701 961 919 2430 1494 1183 912 1905 580 624 1349 2230 2787 839 1802 4147 3803 937 1760 2650 1737 2690 1756 3751 1643 3418 3205 3963 931 858
2628 3545 2017 272 549 2863 53 3065 109 2452 3192 2160 3067 3093 2924 2376 3270 2896 1903 1007 1961 3746 3202 2741 1391 2071 1600 907 2672 960 2590 2496 2920 2879 3233 1274 291 2631 721 3256 3589 2982 3700 302 2491 1353 849 2540 3038 770 89 3567 3982 324 2449 2280 3831 4139 1912 730
1423 2890 1294 1464 628 689 4130 3528 3932 3030 2528 2955 503 2165 1580 74 3786 2119 2011 384 920 1421 3761 2832 3829 1695 4142 2757 1447 465 1174 1859 3960 825 3930 3634 3236 2070 2468 2154 3380 3114 619 2622 871 1552 1548 1223 4088 3459 1738 3975 4180 3845 3644 4101 1420 3238 913 2104
2549 1649 956 3331 3653 37 873 1336 1111 3016 1763 1292 280 889 590 3102 2793 1615 422 1206 2135 559 698 3160 1306 4077 1393 3929 1844 2250 3869 908 3100 1193 1953 357 3732 2889 1758 1944 2093 3596 3498 1290 970 1039 2368 2463 3178 3507 3558 3345 1378 219 3909 2957 804 1717 2870 1767
293 3136 2042 788 1319 2607 2322 1925 3660 1451 3363 1330 3619 2679 1155 2361 963 1743 4107 1370 642 3971 1606 1924 1602 2639 1015 1817 150 775 171 2155 3895 2599 2876 511 1856 3858 648 1780 1577 2919 1502 1179 3855 2568 3466 2875 334 3575 3913 3417 275 2675 4196 189 962 2257 1935 2447
591 1356 3336 113 2819 3019 1825 2419 1341 4181 3548 1324 830 3768 2670 3289 2065 2109 2212 2652 3147 3121 3044 2432 2434 2983 1434 3997 2407 1719 3381 2112 1312 235 3305 369 570 1226 16 1287 1468 1452 3148 233 2618 2937 2472 2584 1794 3142 2337 1406 2570 1513 1829 3135 2138 2066 3166 3245
981 1021 1520 682 1633 1070 3208 900 2084 2617 1158 1993 2033 3150 62 3735 1184 2415 1119 1445 2226 1145 55 309 4013 2936 3247 2612 3243 1245 655 3367 1533 290 3539 3422 241 3346 2427 23 3406 1252 2025 2704 2351 1010 4141 926 2783 3601 2454 475 2646 1372 1135 222 739 3797 665 1259
2164 2001 1116 979 2002 161 3393 2656 4042 485 2130 2555 303 2428 2660 3780 1672 1906 1375 1826 950 3767 611 3242 1093 829 32 1222 1482 2183 2893 2117 2912 2796 3756 1799 3775 1476 2768 1284 2228 1285 842 782 2629 3594 2008 3171 3216 3733 1489 1612 1289 877 2901 1681 579 1909 44 1625
3966 3853 157 1172 1528 3670 669 1994 2691 3860 4178 3355 3651 1874 3836 2003 3916 2294 1709 3434 987 3267 3501 3144 2410 1315 237 4065 411 3424 2056 29 4051 7 3944 4174 415 3483 953 3404 883 3719 1752 2258 1754 3187 499 2460 3938 3449 946 1731 1529 3358 741 2088 3168 2389 3413 2725
2834 2324 933 3215 1275 695 3191 2753 327 2204 3070 1168 1343 3536 4041 3152 1697 1333 1860 3151 2638 522 3806 9 2078 3073 1042 2705 1202 3763 2068 2686 2967 1242 539 468 1236 4169 2341 3696 3697 1408 2034 3429 2662 320 1766 3476 812 1824 221 880 3045 243 1181 3343 4171 1634 3291 2626
3395 1776 3278 4104 3530 3193 2190 2404 1727 731 4054 1124 4105 1762 3908 401 1208 3050 1022 3088 3584 1066 2413 542 2288 3523 2751 1276 3037 3759 1870 1691 3447 3952 2921 323 833 2614 2866 3531 1832 3698 170 168 2595 2681 3734 4108 3468 169 1446 4149 2149 942 3385 2874 1922 1308 2401 714
3538 519 3321 417 3679 3765 68 2144 3873 971 3666 3625 1638 1360 42 4113 3948 3809 886 2445 563 1014 3006 4084 616 3296 1687 2578 1869 3504 498 35 215 4015 2676 90 2166 3189 1065 148 2707 3620 2539 2586 980 819 1932 8 151 3043 3022 3865 2813 1785 1126 520 1480 452 288 1830
983 1837 684 2738 242 3658 1415 1945 2527 2064 497 2469 986 1091 2075 106 3029 985 180 3047 2177 2759 2877 2532 660 3427 1229 2838 565 1555 3849 164 3188 494 3314 380 2524 2869 3928 2279 799 4114 1071 1707 1876 1054 701 1632 3907 2482 2182 2878 576 3738 1413 3744 828 685 3230 1883
3211 835 768 1041 895 1058 1118 4173 428 3096 1317 505 427 206 1125 4063 1371 4034 262 2723 764 1187 133 990 1283 1267 1588 1965 1101 2200 972 3262 442 1954 2176 4175 39 890 1250 125 3259 2340 3042 561 58 813 2405 1334 2994 911 2406 514 2954 425 1915 111 2698 2095 1648 162
294 4008 449 3137 3565 3956 1686 3564 3295 4023 3348 3410 3784 2979 3778 2789 142 2332 692 2780 1385 4118 4040 217 30 3940 3066 1367 1076 2635 847 3113 297 1998 140 4083 613 3955 3203 4128 3324 3704 3156 1121 487 4159 1536 4006 789 2477 3186 662 4025 1444 2061 1382 1094 567 3631 2695
2561 1046 3814 300 2145 1203 1204 2414 3901 2300 765 1666 690 2000 3277 1793 3502 2285 3553 3656 1509 2883 2102 2842 3542 67 1432 802 1886 2357 3662 2249 1902 28 1359 2437 593 3691 317 2995 997 1261 3570 1880 906 2733 2508 1297 1456 1678 370 1868 1286 1328 1347 3132 3376 2488 3481 3078
521 1871 2732 2039 3421 516 1227 3707 73 1532 1100 3124 1896 467 496 1598 2671 2526 2579 699 3453 2147 609 3533 2342 1718 846 3998 1113 4200 1748 3465 1379 3227 651 3923 1969 458 793 1959 2880 1150 2864 1583 1603 2298 488 1246 2203 2481 815 4162 264 2881 2037 623 581 3877 2210 1659
98 664 633 466 315 1477 3024 2915 3922 386 637 3237 2775 2259 3926 2494 338 4057 407 552 2997 2632 3081 2563 2036 194 3886 2535 1919 1525 1724 1617 2904 3423 1352 3867 2338 480 2289 1865 1264 1266 2184 827 4127 2097 1948 1518 544 1815 720 160 3875 3056 347 3911 2162 3612 550 1923
3372 3914 3486 3371 2485 3749 748 3169 978 509 3033 1962 2220 3708 769 2806 135 478 755 1209 318 1388 3709 3129 691 2562 312 3398 4009 993 533 2996 1472 2425 2344 1002 3503 2740 3432 246 340 866 4102 540 3063 1545 4164 3389 476 2861 3624 2127 2512 391 2703 572 259 2927 2693 2926
3350 2907 998 1235 1161 2644 3562 2161 3863 1619 1771 218 2633 3221 1549 1031 639 1540 3537 1891 214 711 2888 17 3576 1867 865 281 1269 1801 83 1185 3157 4190 3826 2719 1147 1740 239 1484 3244 1628 1354 325 500 2499 1194 1396 1123 1782 2677 3327 1745 794 2393 1083 1483 2221 1956 3795
3059 3693 2643 2906 4005 3791 193 1797 1560 3274 734 382 2253 854 3934 738 2229 3721 834 201 3010 296 3461 1241 3240 1426 3412 3378 2271 114 736 3979 1320 1053 3446 2195 2462 3116 1699 3252 3309 4038 2827 3668 4140 3082 61 4045 2510 1888 4020 2520 3769 1057 3621 331 104 295 861 1493
777 321 3892 3162 3951 1957 1798 1590 152 3383 1810 174 1368 3549 1884 4035 3525 4188 2133 1490 1688 612 2143 2830 82 732 2424 3743 3002 3754 464 1398 2992 3090 3217 1517 379 224 2063 258 3741 1749 766 2560 762 249 1537 332 1820 4059 3015 3654 3894 4021 2782 1153 1386 2925 3603 2790
620 1527 2090 2179 1357 245 2985 266 3830 337 276 3013 4007 3051 31 2791 1575 2529 2100 3737 4185 3257 3770 455 2536 2381 832 2457 117 1669 46 4047 3118 3354 905 33 1586 2023 1983 3176 484 2254 2225 3646 3362 2815 25 1069 2929 3935 1750 2990 3739 2692 940 966 70 2278 2370 1089
2265 4 528 2367 773 3777 257 951 1171 1305 2897 3239 1492 2216 2215 507 4016 4150 3054 2431 1011 597 2685 3495 2038 2546 1587 2511 2587 2767 2455 596 973 301 3811 1674 941 2608 252 2174 4096 2825 3677 2377 4036 1952 1032 538 896 2247 2198 1827 578 2582 2659 4043 2682 3120 441 1186
2359 2275 3591 285 1159 2074 2913 3041 156 2315 2301 3283 3560 3008 304 1318 4157 319 2067 2934 1503 1759 2362 556 2651 269 3779 4019 3198 1302 1486 2554 1173 1723 524 1311 2245 3190 1086 1661 4029 1689 2973 1329 2438 244 3342 21 373 3510 4115 1152 1787 2930 1788 1099 2678 2547 1835 3310
2610 307 3884 143 817 436 1265 12 744 1338 1786 26 1778 841 2831 49 3798 4011 4154 2231 226 1841 359 1485 3766 2956 1467 453 1742 4160 1232 263 2807 2653 451 1044 3226 838 85 2412 1139 1981 435 3796 2122 1647 3623 2079 3649 2136 339 4133 2015 200 3635 473 1156 3060 2665 3731
513 4135 3260 282 763 4030 1220 2436 3871 1431 1848 635 2559 1855 341 2518 345 2397 810 675 1025 3232 1487 1052 3788 195 2634 2948 3492 863 2734 2378 901 388 163 3069 423 1169 1833 495 2664 1900 3360 3870 2103 1561 1016 2354 2110 1427 1243 1298 2251 1003 2398 2487 3514 1048 3706 506
857 2598 2030 3636 4125 1764 988 3515 2580 1300 1563 2448 1175 3123 3918 2987 2146 995 3436 1107 445 1143 2792 2013 2722 2486 3887 1122 1716 4080 3340 588 787 255 3397 2106 1770 2724 3442 4131 4155 2550 2029 518 1049 2238 1442 2947 2811 149 781 2701 1627 2669 3454 3025 1654 1901 3290 638
1018 3883 2739 3251 3431 1679 1872 1700 1879 3098 2346 4097 598 899 786 72 2814 2962 2089 2319 1564 3540 3578 3053 2069 2035 2868 489 3127 3931 2885 1939 470 2211 1929 1270 3843 1539 4046 3933 2479 1653 3566 3753 1821 3712 1642 3009 2043 647 3138 4061 3089 486 2185 1136 1017 3937 2186 2465
2530 1531 1784 3377 3014 18 3455 3959 667 1079 2059 1892 2456 683 1971 1694 2928 2290 1178 636 557 1873 1614 663 3609 387 3179 1087 543 1644 922 3544 2812 2534 2242 6 1753 1931 1381 3659 3999 2758 772 2799 3491 708 1439 2054 2168 2754 378 3195 2756 1323 3848 2624 1024 208 372 4012
286 2606 1466 179 2519 757 1188 2821 2898 326 1907 2933 2366 3064 2092 3824 2347 1792 2429 3936 2105 1411 2336 1809 3281 2426 490 2736 2576 2045 974 1026 3318 2673 1316 2304 3297 1404 607 1035 34 2111 2514 594 51 69 100 2081 1050 343 3105 1474 251 4058 1163 3183 3592 2600 2383 348
2574 1853 3373 3794 1522 1570 2604 2823 139 1345 3695 602 1128 4184 807 2581 2032 3569 2446 2076 1084 3546 2501 3426 1940 921 2292 3703 3122 740 3425 462 3862 2785 48 2836 878 3793 2208 1911 3626 694 3349 2352 1846 1009 3108 2489 43 1839 3315 4066 2523 1751 3582 2663 1422 1795 2320 2981
3072 3430 1538 3199 1313 1893 3095 726 360 2684 779 329 1875 1963 3117 1936 173 1448 2372 126 374 767 2420 3872 3000 2589 402 1982 2908 2727 2235 3405 3374 253 1803 1210 1997 2735 381 2047 277 283 2189 3313 376 3760 2891 3177 3279 1205 1088 3683 3075 1424 3458 2395 314 3210 2384 3482
4191 4098 1459 3106 3705 145 2028 2082 3273 1177 3810 2744 433 1144 4106 203 3408 723 4060 1090 936 801 3641 761 3819 3428 1430 3488 1470 1325 1498 622 268 3771 640 185 3866 1196 4052 1863 952 1013 1637 728 1401 3500 3912 537 2041 2243 3783 1713 270 601 1789 1519 1151 3597 1807 4124
84 1842 2800 172 2958 3637 316 1984 2484 1497 1496 1685 1239 64 1201 1704 3889 965 1407 654 2839 199 2374 502 2239 2323 27 2867 2969 4048 737 3248 3736 2202 1651 3980 617 3550 2720 3616 2769 2193 4119 1036 3678 3439 1744 1127 574 3055 3316 377 644 2828 3438 1190 3790 2779 1040 1946
2833 3556 2940 1397 4004 932 461 4028 831 4195 3640 1233 3253 3828 344 2129 3947 887 3861 1712 3964 1280 1680 916 605 885 3676 4076 4194 2974 1409 778 1085 2373 349 1970 2371 1176 3364 3480 3097 1889 3606 2363 137 1800 4166 1272 2498 223 437 4145 3585 4176 1142 1572 1103 77 1973 2905
752 2852 2209 2264 3522 3807 3206 3419 3580 3965 1380 3158 3833 1862 1104 3356 718 2817 3581 3969 3174 3983 2026 2159 183 3890 3035 3684 79 3573 2196 1288 967 2283 1279 700 1405 707 3511 3977 1438 3416 3433 2871 366 2267 1028 3672 3181 4087 2971 2980 2826 2585 1986 367 3974 2798 2379 2575
2349 2493 265 3728 534 1990 2016 945 1523 3365 2923 3613 3470 2307 3472 3859 1958 2696 3286 610 658 758 1714 2416 1096 2647 2302 2872 3726 3957 4182 1182 2049 228 2932 2689 1566 811 2172 47 702 3812 4161 2314 3280 2470 2788 687 1910 3414 3146 2964 3900 1554 3595 531 2261 87 3496 1734
1180 3715 1303 3335 3084 2503 1256 2658 957 103 3402 897 643 2762 2847 474 3764 780 3079 1425 2483 751 1197 562 1568 3306 1033 1271 1974 2010 439 3891 3109 3180 4117 440 814 1949 2310 3328 2459 231 1012 3382 3396 479 3671 1854 681 1664 3475 2464 3710 177 3919 335 3850 3339 1626 1224
4075 2139 1363 3685 2728 870 2621 375 2778 1574 238 3699 11 60 3789 1 3194 3165 1673 1573 430 3968 397 1376 2588 3927 50 1008 3509 2572 2141 3991 2080 429 3554 2851 1304 2134 1657 3650 3949 1146 904 2382 2018 3261 2841 3172 2467 393 1559 2857 3854 2391 3021 2916 2886 3399 2963 108
2849 3126 1282 1621 2541 2746 2953 2946 216 1650 1720 3437 350 3139 3471 3512 2098 2206 3673 463 446 3265 935 2699 1435 212 1605 395 3608 1550 3332 15 4170 4074 159 1293 3988 1732 703 759 2613 573 1515 3477 1928 2509 176 456 2495 1711 894 1814 1019 2648 2533 1351 510 2217 844 3985
3563 1710 3131 3293 3945 3046 1933 346 2597 924 3268 1591 122 4111 2309 2556 599 2180 1828 1601 2272 1331 3841 632 131 621 1055 1652 260 426 3557 3284 3532 1541 2364 3264 4158 2048 3994 1581 4031 3993 1301 501 2142 709 798 925 389 1062 2521 800 1154 3134 2316 1063 1291 3388 504 2858
2262 548 210 1394 1137 2466 2156 4018 1309 2605 460 2845 2497 547 3526 1149 1562 2270 3456 1836 1258 2865 118 2525 3026 1934 571 569 2810 1774 2303 2276 481 1864 414 1546 1979 3508 1237 1660 95 3800 3001 2297 3740 2014 2730 3675 566 1904 1296 71 1816 3561 4037 2712 3034 3516 3386 1596
3391 1895 3103 674 3981 4081 2742 2970 3513 3588 1937 2435 1852 3579 3962 4193 1834 843 267 1773 2255 3444 3071 3287 4132 1384 3832 2991 1504 3917 92 1640 2784 989 2126 363 3627 3701 2513 333 3645 928 625 2710 2542 2641 991 1038 892 2745 1262 146 4067 448 3017 541 2358 555 1390 3155
3610 3487 517 1436 750 2903 3204 3758 3520 289 454 3028 1881 3888 3011 805 523 2911 2569 3462 1507 3730 66 2062 3535 1043 4156 432 1991 1914 3333 2972 2661 2116 1327 2124 3319 2998 3984 3076 1978 2786 2729 820 2747 1501 3450 1429 1831 749 917 1166 2544 1544 2770 400 2640 1260 3942 3958
1534 211 938 2602 1639 1890 5 850 3288 1506 712 97 1295 3320 182 1729 477 1703 2232 2027 2818 2400 3209 1225 2944 641 1897 673 2005 2591 2083 824 1611 2325 554 3607 129 3987 3185 471 3282 59 3903 2113 1995 678 2201 929 3234 657 3902 2328 3782 2331 2137 3813 3400 1736 3347 3950
3266 1622 975 1419 3724 943 186 330 3061 4073 2099 3568 248 2031 2824 1047 1726 2505 3856 2623 2241 1779 615 1080 1850 1192 2748 4129 2291 2281 1440 1618 1358 1030 3241 2024 864 102 1075 1132 2175 733 3304 2506 2240 1631 1212 310 2343 2637 3605 948 1326 20 1465 918 3141 273 629 2687
2237 771 3086 3409 2394 1200 14 992 2263 230 2040 4189 2020 65 754 3617 1921 4172 845 4109 2046 3905 1129 3559 112 3694 3989 3599 1449 371 2295 745 2988 729 2781 2433 3182 2408 2700 958 3915 903 884 2706 3801 1582 1244 93 3680 3201 2986 2330 2657 1314 1238 1249 80 1849 2256 3534
3085 2702 3714 2218 879 1273 1885 2451 568 413 2396 2327 254 1772 822 3145 1967 4112 1790 13 3112 1416 1999 915 3317 3781 2440 3214 3301 1947 3792 1641 3716 3633 2848 96 220 1321 4082 187 3329 954 3012 3752 3110 158 2266 328 3750 2052 3443 3052 2171 1074 722 4078 3837 909 3220 2840
443 3611 2522 3742 893 2538 3718 2573 3835 2313 2674 3302 582 3366 2355 4090 396 3552 3990 3107 3757 3986 3368 2993 856 2471 3954 1105 1708 1938 661 2375 2114 560 2960 4032 279 1775 2680 2797 1926 4033 3598 3992 24 3527 840 165 2286 483 1499 3415 1698 2086 2975 3686 306 2492 3263 1589
3815 247 3080 851 2716 875 3642 3394 284 3223 2564 1951 1843 4152 3885 1980 2223 668 3163 1077 3351 2616 2959 2655 848 3723 860 527 3308 2151 634 4085 2091 86 1887 450 3572 3762 1757 3353 1410 1964 603 2480 3484 2850 3586 1684 4044 3130 2862 969 2820 213 3690 2244 198 2894 1373 3725
