97 97
4838 4667 6414 8888 1294 203 4988 3875 4011 3967 1252 9068 5263 5861 1532 3049 4330 8123 307 2473 446 4589 2532 9032 3907 2918 1056 4357 64 3703 8806 2997 6280 7900 4622 1704 4543 6706 6932 4298 6993 9223 8412 9150 957 3945 202 3488 2343 7740 2304 3394 4023 4155 7096 4080 4429 5020 7054 567 6388 8635 7269 2201 304 4925 3320 415 8023 808 4691 1772 3975 3579 286 1571 7686 2290 8859 7615 6600 4442 342 991 5059 4129 2096 2759 2203 6938 3491 7947 9064 5931 5646 8979 3355
978 4977 4100 1120 2648 1800 1352 5576 843 5386 3184 7264 8533 9368 8767 6868 2412 1623 3378 1307 444 8325 5872 6945 7905 8360 4237 3576 2603 5812 825 8555 8867 3027 6858 2588 6247 6775 8157 2937 8333 8009 3486 8558 5739 3251 3038 4226 1177 7713 5647 8871 8042 1519 1749 7817 1069 8238 5949 8793 8413 23 8353 4590 7868 7195 2404 6152 4617 266 2865 3723 1834 7831 1950 9100 9015 299 5631 7982 5015 2609 5866 4929 7450 4190 6700 9195 1212 2417 5886 5112 7535 8973 1038 5914 3323
3587 6888 1361 2581 6204 2246 6521 135 8743 9247 2485 9228 8673 5490 481 4071 4680 4767 4618 2409 2679 8172 1244 7125 6883 3350 7572 7498 4994 4452 867 7008 8721 3819 2904 9234 2908 3635 8999 60 2729 6461 2805 8760 4297 7085 4709 7369 1842 1334 1816 5341 9319 2550 8061 3303 1541 8645 2395 1874 2297 2976 5544 7793 1787 2936 7218 3814 4913 2068 7974 8919 8002 4868 5698 7196 7357 1712 9367 7531 438 8685 1373 1554 2836 8560 7412 9170 2232 7719 2725 3598 2873 4890 6244 4503 442
8816 4456 4629 2522 1739 5570 3829 450 3293 6603 6807 1381 7543 833 9314 2890 4092 1676 8433 1290 3623 4285 6703 5167 7524 6290 2954 1618 1137 435 346 2257 5464 7044 3537 6781 2628 4984 7326 3564 4843 3247 145 8294 8804 6394 1633 6737 6680 7068 7437 4860 5231 6476 6299 2029 5132 2629 1382 2569 7177 2685 953 6038 7257 1565 954 3790 8225 5273 7928 7972 3045 8194 4326 1790 8278 348 4679 949 3420 3437 7082 3625 1653 4613 1654 5701 1143 2714 5315 3585 9098 6140 6889 3997 3505
5779 6086 7386 3882 1768 9090 6373 6223 9301 905 2090 2441 465 878 1182 6080 4685 353 1759 4344 1263 8301 5393 1533 1362 8912 2800 8910 1706 6416 3211 7106 8514 2072 1958 3123 7656 8015 4484 3113 3264 8054 8334 315 8612 4719 9099 6300 321 7610 1335 3930 1855 8484 3683 3788 3920 7190 7879 3307 3196 758 1806 3994 504 1699 3199 4822 5145 4091 942 6181 1082 3732 5031 3860 1502 8134 6271 1973 4062 8977 6292 130 7630 7334 475 2605 6496 6267 4192 4228 9373 6033 526 4322 5875
1018 2590 159 9284 641 5299 999 5772 1960 5729 5767 839 3282 7886 4902 5650 7385 762 6878 8969 7567 7530 8826 2181 2426 6199 5989 4341 5267 2321 245 840 1379 8799 6124 7958 355 7665 2392 1045 1617 4866 5686 1697 7452 7932 7349 5052 628 2939 478 8451 4356 5118 8274 8421 7739 2877 9342 293 1319 6789 5295 1498 7468 9046 2858 4465 2319 3838 1224 4290 4410 2173 3961 8324 9401 5111 1043 3229 3544 2280 7289 1741 5102 4908 5122 5100 1632 5651 8841 2200 5326 5568 6863 32 9261
7570 6007 7867 5977 8397 8283 3711 2121 7645 8504 7574 2925 3813 5775 4248 8234 7345 2353 2518 4841 4208 6574 5916 302 1406 1732 6742 6901 4271 6173 6869 614 7996 4246 7936 3063 3253 6686 4538 1891 3000 4638 4986 4568 4593 3809 5876 7284 7237 6523 1743 5201 5790 4050 4827 2227 2598 2167 6386 4284 3927 4472 2483 6255 6758 4684 8224 886 4576 5868 5456 4531 3254 5337 3647 5925 3727 2467 7067 4923 3924 1619 2795 7383 5225 3315 5099 2114 5407 4600 8345 6417 4749 4145 2798 1417 2676
7142 864 7419 2985 8066 8239 1480 1350 4497 6648 7363 2527 104 7394 2462 7135 3531 9198 3766 3094 8083 7185 3015 2769 6995 4648 9082 8984 4398 3075 7545 6357 1322 1314 4498 3248 5437 4601 7746 1535 6531 7456 2363 8221 3718 5967 3867 8287 2645 5574 947 4594 1010 3568 5542 1817 4705 630 3821 3093 3495 2996 1507 6436 4910 8852 4871 4299 1848 8371 5874 6977 3613 4206 4803 1035 4797 7197 1315 6287 1611 8253 1751 9025 6426 4309 6383 3088 8206 5300 2407 5636 7671 3223 7256 3745 4712
7179 7017 8473 469 2711 6717 2912 6780 349 9351 5860 6221 5446 3029 739 1454 4502 2209 3352 7115 8582 1527 4727 8481 4517 6925 5616 281 8957 3377 8092 6408 4650 7915 4253 6246 2852 748 7559 2120 4746 5769 8223 5268 347 1141 7475 2874 5185 8126 5909 7519 2306 4814 4915 3200 3655 3192 295 1468 1001 1859 1246 9103 4773 3160 5954 1604 2393 2387 810 7421 3171 4396 925 5275 8654 6721 7304 7335 829 2032 8632 5849 7668 7191 4989 418 8145 4262 8038 8641 218 31 4295 270 8120
6745 1440 5310 6412 1657 376 5362 5371 517 8925 6873 6956 5093 8751 6225 7163 8021 5409 1629 8838 8720 8562 6234 711 568 9051 9360 3494 3817 7835 2907 1164 4028 3451 7698 4550 674 6473 4634 8050 2724 4174 4805 1162 6668 3186 6382 561 4372 3543 7820 7212 6654 5621 5756 2869 3519 1761 3035 4798 7866 2018 5613 2239 8502 3687 4256 8667 6380 6429 6313 8602 9269 1854 3682 7944 5781 6633 88 6451 6541 8 7009 1040 3971 5641 1849 5363 1896 7810 492 142 750 7108 3547 3399 8231
8651 3077 1779 1956 3738 227 7242 395 7532 6874 2733 1589 828 8711 8044 733 2772 6132 2809 1216 6827 5357 3633 4441 3804 1852 8158 9095 8219 5765 8183 6210 6049 6088 4095 582 2419 4078 6682 1897 5891 7103 6965 1157 9109 1926 6811 4479 1170 1206 381 6697 204 4210 4354 7946 6856 6835 8335 8851 1986 8365 2789 4604 9071 7962 4183 8319 1701 5694 4665 4382 8598 4386 3736 4956 323 4978 6661 5238 1784 2224 2844 923 4651 7418 1524 7397 872 8186 5656 411 8430 4335 477 9286 8094
8199 7199 1634 8988 2273 206 1444 5936 1503 8924 998 1907 8470 4065 5293 4672 9135 5360 1086 1609 684 6924 4328 4377 453 655 2368 54 7306 6185 9240 8624 8880 3097 4720 76 3630 5851 667 8681 7149 9306 2488 9331 4974 4459 7705 2162 1505 8117 4755 9084 9059 7503 4643 8963 7194 5388 5748 5540 9271 636 6799 5690 3354 3856 7672 4346 4288 3257 6094 5335 6398 1856 26 3748 7910 247 4306 5605 7327 4491 2930 8765 4573 5902 1760 1264 5094 9313 6917 6663 82 2311 6698 9348 2334
5272 7111 5503 34 7442 191 6365 3545 2459 6123 5359 7338 2376 7374 2163 7684 8625 888 6509 2210 2857 7069 4516 8262 3916 7133 6212 3275 7693 2972 5126 4112 6148 1106 236 651 6916 6946 5280 5599 8709 8359 5478 4662 6800 7851 405 3405 4135 292 8127 2508 6205 2710 4955 4157 1570 2783 3693 3866 1353 3761 8307 3540 6555 1464 5611 2408 4431 8615 1318 277 2678 7448 4726 3895 8637 8448 2152 413 8511 1317 8039 2341 4202 1512 8166 1433 6658 9065 7336 2834 2370 1941 7747 2332 9222
6532 3816 8143 4614 2831 2329 4549 5030 65 8566 3694 6281 4921 703 6259 4020 4120 7331 1442 5119 5543 9297 1383 5796 5159 1028 3841 4026 1160 4196 6302 9121 8110 3858 8202 8218 4607 5852 4961 4275 9243 2739 8660 2914 3512 6446 6876 1516 1967 2156 3022 920 7676 362 7291 1581 4653 8967 3107 3252 6200 6731 8801 2822 7925 2245 8027 6216 5087 170 396 587 6315 2894 1296 1547 4115 3443 2207 311 1145 5135 7031 6112 122 640 4310 3008 6673 4496 6095 6693 2568 1914 2283 8913 4216
4291 7211 5800 7220 8649 1235 3517 6036 1068 1368 8829 8035 1991 6615 2470 6551 5198 8716 9280 1857 1420 3776 3387 1113 7121 3178 661 5681 4734 2801 4172 1820 6590 5684 1096 985 4714 6744 5580 1149 2043 7992 7159 6853 4084 7367 5941 2021 6678 6825 2958 2573 623 2037 1356 8527 2050 4609 2218 5824 1415 5397 152 6048 6495 261 3654 5807 2654 7033 8980 7758 8299 4837 6295 2578 1740 2591 2854 3435 8950 3170 2636 7819 6458 12 4881 4137 1928 3221 5009 6519 3837 4046 1850 6155 5786
2356 1987 2039 8922 5510 747 5762 8190 1968 708 5261 7387 1663 1446 639 2264 4789 5707 2272 1375 4351 5252 8946 3770 6268 2430 4289 421 2385 143 3698 8876 3312 5195 8586 8920 3348 5994 5189 5398 6374 5288 5527 151 3602 6515 5072 5110 5635 6715 5424 2186 2237 314 1450 6685 8915 2718 7109 7502 6881 9236 930 5 5507 5435 456 9091 111 2274 1144 7710 4889 9361 4475 1364 7708 1127 5387 5908 1721 3948 2055 5802 4395 3141 5384 3571 9003 997 3167 4121 6322 8839 7833 2225 5158
8153 5638 5281 9106 7372 6043 9143 8863 3273 793 1200 5801 3644 6547 7339 8949 5262 6729 7430 5307 9192 3950 7010 4595 9266 982 7203 4530 58 1404 6453 6253 8809 4768 5973 2916 4036 5986 7939 1957 7250 5714 2457 2980 4508 3096 2475 2671 5946 2835 5228 6664 8311 1576 5172 72 1210 7136 3190 5932 2969 70 4211 181 5965 4879 7020 7731 8135 8406 3559 1014 5560 3685 3031 8935 407 945 2928 6418 9191 1487 6040 3111 918 1065 6986 2101 3398 6872 55 7852 9116 3220 2721 3943 6708
8390 7329 5382 8797 8358 6750 1044 1964 6121 778 3136 7786 6701 9042 7424 3179 2248 2682 6659 9110 7470 7922 6228 1985 124 6748 4161 3384 4450 2202 125 8211 6364 5130 4329 4572 8713 3133 7062 6145 8332 7225 7296 2793 3360 5955 4583 5078 1047 8501 4744 5665 5878 5051 3964 5208 8434 5117 1638 6805 5719 692 7181 3906 7651 7893 2089 6332 3617 2533 6245 8927 8499 1961 4645 8532 1355 7100 5196 6074 858 6405 5782 4166 7691 7037 3195 2443 902 2982 5283 4807 1017 588 5761 6231 7764
8318 7278 5629 511 1275 4218 4699 8220 6116 1201 3516 8656 6063 3877 5981 8903 3413 5963 8192 2446 2663 8621 1063 2126 249 8579 7674 2175 1266 3739 2727 757 2294 1393 5959 5864 2275 4019 2347 5972 8343 5928 2292 2234 2478 2814 3680 1439 1836 173 5547 2878 4109 3839 1584 3702 3880 929 1658 7839 2255 9283 328 1909 7263 5440 1998 6240 6816 2136 817 1656 1875 4177 5789 4133 6197 6554 1925 4560 4522 7955 7277 6465 2919 4401 7271 8572 8982 9213 3701 8675 1770 9327 1558 1389 2692
6209 5514 5720 1825 4730 4370 8349 1785 545 1234 6508 9179 8695 6848 5369 8682 146 7205 69 8366 288 4779 6314 4302 7093 7460 8508 9055 5835 2763 4582 7251 6057 1520 6067 4552 6164 269 1292 3173 7664 9203 196 8813 9083 657 6813 5449 2872 2051 8581 3753 2709 4692 5993 7993 1679 3106 5730 798 1597 6407 1167 6785 2817 9043 6011 9010 6894 9152 7202 6105 3664 2198 1112 7609 2540 5990 6211 4892 6397 1843 8444 2781 984 8155 8187 2924 8036 6604 8058 2613 6605 4670 5354 2259 5770
7324 6726 3656 801 2516 4722 3952 1578 3395 6055 3266 7607 2811 2012 433 595 1178 1883 6660 3116 2959 2929 718 7034 2403 449 2044 5666 6114 4647 7409 8017 7420 8547 7533 9335 1285 1918 6787 114 1395 6571 491 3588 2689 8257 4909 3928 8341 3731 5597 5755 9242 5642 4525 8534 6637 3949 4813 7829 1677 9215 2656 3003 3800 2338 3642 1945 2999 4434 6275 2113 542 5330 1005 7325 3130 5000 1990 5715 7959 3421 6771 8923 6146 7377 2505 5734 3955 540 659 1592 8277 2034 3878 2036 4763
7080 6266 3124 5107 2190 831 1866 4512 1649 2350 3117 1763 5481 6942 2185 8174 2680 7816 7295 2503 6666 7398 7613 3219 5219 291 241 2530 8095 1696 5999 5526 4158 3139 846 6611 8354 1258 6944 3319 1340 128 5082 3140 3798 2256 3605 4191 3274 1473 890 7156 1376 5711 7517 2191 885 9111 5687 8805 2054 6443 119 7640 7428 977 5673 4294 2807 8228 8339 4411 3535 3072 8770 4146 2742 1048 3857 6793 2905 1606 2539 2920 2766 4052 3245 1943 5618 4716 5791 7303 5197 3910 7600 6719 1598
5998 5736 970 8160 262 2406 499 8419 3147 9392 4390 7669 3010 2148 5499 9356 4633 8394 3052 3760 2476 365 645 4757 1709 4579 7490 5820 611 613 7795 1919 6083 7753 8059 6107 2220 1892 2131 8657 417 83 5585 1180 3188 8159 4953 7416 3614 5559 4403 960 2382 2330 3225 958 1992 4167 5347 617 8891 7780 1913 6077 6524 5061 5648 9120 3944 447 1452 7433 2364 3335 8715 1769 5260 5847 2734 7836 6041 7964 4286 7113 3017 7213 7659 7188 656 6493 4327 5156 169 735 6998 5469 5890
4995 5457 4640 4528 6004 4903 2652 1971 3051 521 4534 760 8583 327 4853 5184 2254 7358 436 6419 7114 4565 586 6030 6294 6089 5501 8648 3695 228 494 573 3234 3909 815 1300 4160 6203 5047 5889 9329 5278 9056 2665 6865 3862 2082 2693 6866 8146 4457 1100 7379 1385 2398 2986 8138 117 5536 6344 7150 974 351 8870 9229 1996 6859 5491 3565 3290 5064 6183 3962 1750 6806 2547 8510 7217 8240 5444 5256 8081 6102 4870 1689 338 483 1430 5689 3068 354 9077 1049 6994 7577 6420 5846
5361 1467 3110 8477 6710 1838 2953 144 1074 1932 7929 3287 2493 1323 8490 8163 1260 4063 5823 6192 1752 5063 4274 5320 5381 736 3309 1202 5793 6893 5174 7663 4069 979 8393 2024 3620 2194 7003 432 8119 2147 5727 4014 9352 1880 8890 4053 9180 3734 2008 1349 4851 8832 5713 9122 4951 3306 5566 5165 4425 8569 7826 4941 2956 2444 8692 6504 8646 3191 175 5530 6021 3859 8780 4780 6923 8996 5877 7941 4244 6454 7579 8594 1523 1462 1694 2266 4476 8453 4980 4750 3222 6820 819 577 8442
4681 1332 4099 8247 4187 8440 6907 7154 6855 7436 4938 1238 3102 3917 1089 3511 2704 5380 4494 9346 7002 2797 9167 8776 8310 5995 3835 3104 1398 4934 5838 9173 4901 5957 8981 1436 5896 6195 4532 5970 4418 3932 3153 16 2432 9209 1171 1032 1008 8631 615 8292 8773 5101 2990 2164 4385 8506 7042 6711 5952 7584 7954 2988 5368 2494 3892 3549 3065 6019 5699 5607 1378 8756 74 9164 2697 5783 5818 7909 2776 5180 4443 7425 591 2521 7276 2482 6958 2071 3893 2829 4355 8088 5240 1262 2437
6487 8684 1148 8528 8267 6844 3740 2542 3937 5129 8516 9308 5603 670 4238 6980 3726 317 1013 9161 3161 1833 6812 498 1476 2250 6467 5236 6421 2989 4042 6646 4863 2159 2524 148 7999 3665 1085 8855 1447 1438 4029 199 616 8363 6846 619 9403 1179 2712 712 6919 8462 5488 1639 3122 217 4231 1927 3434 1792 3974 5294 1564 5865 1765 7715 6972 2461 6735 6948 3741 2677 9137 7219 7492 1492 4893 4480 9404 4954 109 6147 6643 9307 2902 5322 3427 3506 7808 7391 1186 4368 1719 1190 5598
8330 8485 1832 2287 7105 2587 121 1722 7274 9189 7920 5649 2561 4030 1781 7280 6134 4840 4671 8404 7362 994 1665 7313 3947 5620 4900 3589 7711 2715 579 8629 634 4114 6455 3591 4142 8137 2575 2971 7055 4635 2284 7650 2662 8235 5538 8130 8783 8266 3023 2414 5912 6999 6054 5752 3358 361 8125 9159 8269 5161 3168 8844 4391 8754 1612 8902 6503 237 3689 5758 3871 924 522 6241 3669 3843 7228 4906 4514 6403 3464 6179 8248 589 8537 6596 3795 1396 7319 2537 168 7980 5614 263 1155
7265 1268 961 99 7064 1754 8853 7395 3678 5470 863 2484 707 3590 1092 7312 3450 627 5134 3457 466 3708 2165 2006 8539 4186 4013 2110 137 5757 5454 7858 6741 1474 7180 4569 2557 335 4936 1921 769 350 1394 7045 6638 2523 188 3001 1730 8732 5938 8243 6875 5289 1724 809 1449 7079 408 5085 1652 2911 4389 4184 2597 1153 1599 6463 8150 2355 4359 4399 8445 3386 2083 6085 2607 3 6233 8538 7161 5512 1661 4009 179 7890 9105 3567 246 3888 9158 5216 6361 7830 9165 8455 8697
2116 400 8588 946 2335 941 3562 2219 200 2491 5304 702 4349 3030 4008 4733 9250 3046 3572 6598 5894 7844 5170 2045 9058 9112 763 3426 6243 4510 4895 5718 5920 1940 6790 9406 6830 5735 6879 7494 649 2111 6608 751 9279 5146 8884 20 4675 13 9108 3852 1716 6539 42 2286 1217 7988 7561 8862 5919 5581 5027 8048 2333 5242 5423 4524 7246 7769 7525 2668 427 7661 1219 2265 2161 1161 7585 6674 6533 2584 4562 9036 4751 5073 3006 7091 8279 2622 4179 7612 1636 6959 1477 686 6082
8122 6814 847 5306 688 370 3452 2778 6954 3053 5279 8373 4668 4048 7849 5545 8306 9072 4939 5025 2479 782 5419 6724 8057 1742 642 4914 8486 2650 6818 660 7690 8868 7873 8702 5898 223 9289 7354 1869 49 5088 3832 2525 5944 6784 6884 4585 89 5375 2556 6890 2991 706 5663 7629 5814 3205 1341 5426 3599 3502 345 7028 2502 5826 8877 8185 1514 337 8741 2028 2984 791 5254 8932 5229 6671 7896 5220 2661 313 5897 7625 2632 7138 5617 4340 5147 5808 3592 6230 9019 5541 4015 764
3986 3998 6435 3631 267 7989 6409 4518 6788 7772 1965 9288 1948 2560 7364 3336 4105 7823 4801 8507 8403 61 5848 7529 9018 5067 1241 3822 8323 2084 601 7514 5415 5531 7775 4821 1328 4404 8270 3607 1796 4258 284 9256 1628 6713 4301 3970 454 7399 8740 6317 4464 2260 7991 6560 6390 3057 2348 35 162 9009 6222 161 7389 7968 5816 950 7592 4361 210 2226 9130 690 1601 4004 8290 539 8391 775 4839 6795 2967 6696 141 5583 5355 6251 5587 8893 3419 934 1309 7697 6900 3103 5680
9041 5927 5859 6175 6469 4234 8026 4678 1369 6834 260 1863 7773 1536 6131 4917 305 5643 1574 2552 6128 3242 7208 3884 8459 2299 9336 1051 3677 4088 6090 8115 4752 6391 658 8521 2086 2564 4323 2544 3149 7426 2501 4551 3972 8753 4566 4012 7089 7375 6475 3792 8875 770 4430 1550 8727 1320 3070 2893 7344 318 5509 789 9340 7919 5515 190 1222 4132 6845 4225 7971 4605 6108 4350 7631 1483 9125 1192 9172 9089 1496 1151 4933 6270 7965 5763 4252 258 9349 691 1101 5774 5609 1901 503
5173 6867 6831 4089 3265 2391 5746 2921 2701 4483 1471 7768 1933 2411 1386 2247 8100 3851 4731 1586 6096 5313 2366 7845 5854 4952 4570 8111 2770 1954 6256 6810 1664 7077 7429 3339 139 2451 7282 3713 7013 184 624 2717 5292 214 4819 1158 7227 1637 2155 6462 5193 9004 6122 8316 5414 9285 1090 6987 2666 3645 4935 8030 6970 2423 8474 8452 5845 1690 7443 6003 46 6056 8098 7500 9073 729 8769 6979 3691 3480 8204 24 4490 4598 845 5496 7356 7807 4421 6070 625 4106 6639 6184 8488
3583 7176 2846 7244 6676 7308 1736 605 3499 1108 5692 5562 2961 7898 8165 1067 2674 1402 3558 8551 8758 2948 5873 6353 3951 4415 2075 7623 4704 5010 8556 7505 6052 8347 3144 2468 8295 9383 5336 8375 2694 680 6498 755 7976 2098 8139 5071 3095 1061 2949 4775 9311 8991 6014 4064 1197 3889 2620 5702 1249 4101 9014 4468 7837 7493 1418 4362 7099 1678 1707 9045 271 7373 5176 8259 4723 1185 8458 8951 7622 8708 406 5274 1647 8252 3367 27 3627 3150 4972 1372 8578 6631 4318 3960 3984
7253 6778 5230 1934 860 9026 6304 1062 5565 2901 7806 9258 9094 1124 2538 163 3359 6142 1672 5644 8112 7813 2649 6006 7214 7366 6201 1304 4111 5007 1671 334 7413 9144 4782 7484 8169 1346 6645 766 172 3767 9337 7084 4515 1898 3896 9278 852 2621 386 8791 1298 1079 6593 8076 5434 737 3496 1084 8752 7486 4537 8802 9305 3973 7321 497 4785 4282 4828 6363 36 6447 3385 464 9400 439 1726 9129 8018 5623 2950 4646 8724 1776 700 6093 4320 3351 3333 7408 1011 4153 8179 9157 279
4541 3422 8321 7119 4958 6653 9028 6651 6494 8840 4131 6081 1525 8105 6060 983 5956 2528 8263 1225 7586 4628 6340 4098 6895 5461 6829 1509 955 9255 8948 907 3785 7359 3621 3646 5923 1195 3881 6165 3169 1818 6647 7122 6583 4687 6335 2583 8005 7975 5966 813 1388 8056 8226 6936 6016 4963 7267 5901 7137 8879 1802 2764 1893 6705 1860 7384 102 8663 1489 7593 8611 620 4041 409 4371 6904 1025 479 2453 7724 3166 7621 1181 4474 17 1077 1358 1083 3402 8785 5164 2307 2519 7298 851
423 7063 2171 2062 3518 8821 6657 3515 278 4454 7487 8633 6543 6133 4123 7049 8926 2365 6626 5057 4669 3775 7641 1552 8812 3762 4469 4854 5324 8833 2601 4245 1705 2681 5312 7558 1029 331 8965 8443 6819 1423 3500 7876 1703 7554 3318 1168 2042 1147 5331 3700 5482 6342 6091 3009 6452 4511 6613 2170 7637 6440 8304 4676 524 4702 4087 8308 5506 6359 9230 901 3004 8408 197 4922 2867 8416 638 2157 2017 4846 4736 4485 5662 7960 3062 6947 2178 1695 9318 4128 1311 2188 2938 7482 5593
7070 5532 6728 7727 1174 7627 1622 3666 7948 1878 3425 165 5008 2726 1128 2882 1273 226 5850 3269 9128 6918 3643 1297 2469 761 1616 5006 5978 1000 9093 1684 5634 4505 7018 3304 7198 6372 7414 7938 4964 8367 1655 2410 9190 59 8071 6143 2010 3720 2536 30 5813 4777 7878 4596 6491 968 5433 7410 2825 4221 6517 543 6470 3099 8328 6448 1666 8336 7953 1714 3782 4732 5964 1459 3538 3632 5569 6774 3302 7977 7513 5584 865 2534 8907 7542 8636 4701 7328 3376 1725 621 5152 6218 668
3730 1347 7360 1169 9322 2360 9298 922 7478 572 3936 5822 560 1236 1590 2730 5142 7056 3619 422 6027 4848 1662 1183 4367 8288 7688 5962 3212 2562 5942 6566 8313 8736 8245 7771 1846 8705 3067 7923 443 5709 4348 4156 6045 7550 7071 4313 3012 8254 5402 9178 7050 8236 2799 3281 4018 8748 9175 804 671 7614 1132 5992 7027 529 3127 2268 3439 5552 7322 9362 2022 3324 167 2784 1284 2196 5742 3361 7654 195 243 4578 5226 4169 3284 7681 1579 5068 5722 3684 6689 4855 5344 887 4270
1003 2735 6278 1458 5348 581 1301 7827 2998 3441 6279 4611 6599 2344 7934 9398 2705 1513 1348 5037 6445 3709 3203 1717 2436 3981 4203 5737 2112 1397 2945 2052 6766 1173 6069 7918 1595 7405 8399 9044 8889 6623 1357 3663 1259 533 8077 3218 8650 3214 6120 6513 8317 8300 6427 1412 7750 5546 512 363 3129 7229 7368 4718 6468 6481 2845 6969 6911 2080 5519 9370 6736 472 3710 5060 5652 7560 3697 6966 7897 1465 2509 1528 8746 6438 5314 4021 7046 2747 9102 1426 3636 2756 1059 18 2753
2026 5237 2818 518 9395 2943 4455 3066 6235 4792 1123 7401 5259 2642 6997 4193 8811 6238 6157 967 2073 4413 2870 419 5417 176 6328 5888 7499 2571 1226 4979 5612 8644 3828 1983 880 1421 1091 7210 7388 6783 6902 1903 5206 5181 424 3616 4501 8478 399 7333 3965 25 5410 4316 4794 4171 4433 1299 6582 6981 5685 7086 7074 289 8356 3615 6864 1126 8595 4444 541 4242 5432 8866 9344 5903 6249 8282 9070 7870 4786 8728 66 4965 340 4802 8696 3995 5239 7130 383 3897 704 5029 8757
6525 127 9030 4707 6821 7591 9224 2316 8429 238 3404 3692 903 3210 7617 6636 6675 6371 5418 392 3899 3217 8467 4698 2979 4875 2038 9310 5480 3100 5448 2543 7146 6937 4247 6348 8355 4891 8272 7734 2594 9275 2000 876 3604 6297 6424 9254 9380 5524 5893 4388 4031 4982 4462 8688 965 794 6922 3783 662 4790 4374 7847 8882 4911 8079 8543 240 1700 7241 7767 8568 379 5913 44 4529 7342 5431 4180 6129 536 2440 3449 4086 8531 6589 3777 7204 3332 2987 1614 6597 3922 986 5136 3830
2871 7883 2079 1895 45 7889 6149 6656 774 5594 5139 7983 3990 2059 1021 8563 319 2053 4536 2463 8921 2413 9366 9253 3985 2450 9024 4250 194 7476 1071 7302 8737 4950 4724 8173 7828 5892 5950 4268 3863 232 8188 7763 9101 7804 1391 7260 5885 5753 8377 3423 51 4896 8043 474 7695 4214 482 1692 389 2310 4239 5366 2748 5411 6545 2418 2466 823 9187 4317 7101 1911 781 2492 6594 7749 7095 7534 532 8796 6984 3197 2823 2851 6870 3143 7440 8008 4044 9333 5138 2838 502 5799 3300
7973 6990 9022 7516 5105 7088 3154 5677 6529 1333 1506 7315 8503 6628 1591 6559 5182 404 1026 2381 7346 1723 4862 402 6709 5518 198 1735 5472 4209 3661 5764 38 2099 3497 3076 378 4619 6576 8742 8997 5109 1099 8658 7011 2379 4261 3672 1835 9047 8593 4319 4983 6034 4811 4577 430 9012 4884 3482 9057 8424 7832 2859 9136 1845 7371 7563 5091 935 256 356 4521 8683 5086 2757 3840 5039 4347 7000 1540 806 7762 3640 7158 7726 6683 9312 3529 8302 3803 8469 4874 3370 6573 2421 4365
5596 8170 6885 783 1923 3390 7778 8911 2974 5723 3755 669 2576 6194 2336 8664 7248 4397 5895 6219 4674 4150 4163 7169 8777 4632 7723 2856 508 3456 873 4937 6187 7616 1233 3493 2612 4481 92 4375 5610 2673 3797 183 7350 8025 1486 4220 6 7699 6931 1414 1890 3238 6953 8386 631 6690 5033 412 1172 6100 3595 3577 3207 398 6191 5338 6601 6457 5133 5856 8427 2655 39 6779 40 6308 9145 1360 2506 1020 835 2903 515 8400 3392 4003 3119 7273 1370 4636 8820 1261 9233 1116 8640
9204 2312 2221 7465 6563 4567 1501 716 7234 8315 2025 2833 2377 897 9248 2375 3808 4804 7737 7332 9358 9162 8164 308 6296 4742 6739 3609 8642 5358 3433 2600 3388 7317 5904 6851 2480 5049 7094 6178 6156 5947 3121 4017 7239 9300 4999 7859 4045 7781 8590 3628 3470 3729 7489 993 2952 7022 8093 622 8107 6577 7662 8140 3653 7268 9001 6794 180 5200 6622 1569 377 8108 4940 2434 3586 2118 5246 9330 6687 1345 5069 1434 3216 2302 4265 4236 6488 1984 4119 830 4886 4453 5640 7286 1377
3014 8546 7800 7865 884 1432 7624 5997 2922 603 2212 5373 822 5915 3174 1081 5395 8738 5285 4825 7427 8986 916 73 2127 3507 5741 8874 3445 926 7281 7803 3675 4449 6355 814 5717 3759 4706 3412 1947 4305 3597 7555 7183 1673 5832 3152 3854 7059 2637 4606 8376 5080 6310 3566 6370 6964 4962 6862 7636 759 3018 906 7756 7721 4880 3911 6005 1289 4034 8887 7182 8124 5325 3509 3846 1627 2056 8936 3688 1814 9008 3461 2555 3259 8691 1140 1648 7444 7912 5768 3769 943 7053 8229 1451
3826 5637 7551 5332 1198 4412 79 5879 9282 505 2092 5443 3471 8989 6738 6861 1777 2460 7097 6497 468 7822 5571 3308 2325 3603 8670 7023 8426 366 5034 6652 3080 6154 5615 6548 862 1392 3520 5939 3322 4991 7075 3125 113 8567 4693 5421 2214 372 5659 1097 2935 8460 4254 1411 193 1400 927 3855 3530 1098 8475 7340 7485 9225 1012 7118 523 207 8613 3925 4930 705 8362 7901 5217 2103 4423 5985 2253 8020 4830 1419 2722 6170 7794 5040 4581 8987 9139 2813 3374 5740 3337 7523 9290
3241 3391 4051 6260 1811 8405 2489 4761 8250 9124 2433 7916 149 1343 1641 4384 9372 81 7014 7316 6940 1756 7895 7864 8607 2876 2946 6466 8063 1203 5815 2016 4898 777 5404 5679 9188 1139 2713 3652 8961 9371 7007 8520 4555 7117 9267 2514 5837 6544 1798 4764 8471 2380 866 2107 136 1283 1560 3283 3774 2690 1184 1868 4134 4107 8378 7884 4658 6757 889 8141 2141 221 6570 3728 7855 7083 3371 2146 310 1559 724 8571 2744 7538 3612 3825 1295 5266 9146 8734 2211 6688 2081 7788 7463
3957 7184 2796 7583 3414 1951 6808 5002 7222 3261 6776 2808 6456 2474 3020 5253 6336 5115 8495 8136 2279 4337 8819 3135 7186 5215 8415 3810 3431 3356 2604 4110 8771 5447 7814 5403 3707 1631 2261 3288 3831 9214 7620 4580 8784 2545 5984 3802 7598 1387 4992 3861 516 2860 3321 2204 4969 4544 4741 9246 5550 5829 5674 1808 3059 7066 7712 6273 8205 594 6377 2707 1508 6478 4949 1338 7411 6943 1801 2371 6017 9231 936 4686 2187 7380 2723 1683 1518 5212 7520 6220 672 4842 4945 1024 4077
2197 6777 3650 8790 4116 1095 8182 6640 2180 9060 9063 9326 285 881 150 4473 5017 2579 3401 3074 1930 604 6587 2416 3415 4300 425 8327 8917 7843 854 602 3181 2698 6510 2541 7969 4656 2719 2861 8535 800 7287 557 5420 7288 7172 6127 4307 6833 8928 3036 7908 1215 8227 666 6101 1218 480 2007 6422 875 975 4575 476 6378 5309 664 7528 2520 7738 719 2205 7396 8930 6823 6065 5203 4264 6262 47 8694 5678 3026 6321 1531 2879 2640 8480 9020 2819 6506 7110 3659 6075 8007 3289
5537 2664 6914 4703 5738 6113 5081 824 744 6826 9038 6214 6634 5041 2030 4657 2009 7393 2033 7880 4507 5819 1621 9355 3532 8817 3671 2354 6012 7606 1280 341 4308 4136 5153 6557 3198 3272 7725 4673 2133 106 5066 7601 5018 80 1625 2076 8698 6015 9066 6822 242 3409 5323 5578 4495 3092 5120 7692 9002 8064 4272 8674 1908 2610 3492 9160 7238 8587 3475 6213 5883 4005 7073 2517 3765 8774 2057 7461 7231 5233 2716 1036 1321 4076 7730 5014 4102 4400 3721 8392 1645 5561 4198 8089 3467
428 4845 4899 290 5520 5016 6734 2651 5038 9107 5463 3716 5032 2745 8523 506 9238 9304 2633 5303 2223 3025 2472 6176 2887 4735 6569 7243 6782 2063 5778 5224 1596 2992 7707 4700 7683 4108 4588 4451 5305 3236 2889 5805 3313 7704 487 753 8357 1539 6935 455 6691 7167 7348 9220 3024 4439 1935 5658 4928 2551 607 3849 3737 1824 6584 2342 8994 8284 5399 3624 7472 6616 6755 7979 255 3375 6973 5880 3527 8846 857 6961 9397 2122 7950 4353 3799 6484 1365 1906 5924 3657 2653 5163 643
8142 219 4204 4772 1767 9273 7283 287 5958 3410 5204 5141 7406 9232 6927 8610 8858 8526 4482 7735 5205 7798 9199 9325 8384 3396 5026 4888 6978 1331 5517 569 2019 7784 1938 1978 7483 3667 8420 3256 1970 2896 1257 4759 2323 9272 4968 8256 5751 1337 8818 4556 6649 2233 1575 2240 8918 1469 6174 5563 7355 107 6950 6723 5785 6425 698 5339 5948 1031 8148 5451 3991 2013 4942 7043 1747 5691 3704 4826 5870 7254 1681 5857 7145 5884 1885 4339 2558 6136 8975 1879 7224 6650 2700 5555 5127
570 6237 1644 9097 7881 1755 5074 5556 8087 7943 9294 1248 3347 1745 1748 646 7301 3977 921 1988 2303 4553 9227 2401 8193 2285 1055 4277 6098 8798 3548 6897 848 2554 4872 5881 1829 5744 5328 6985 3294 4946 7648 3115 2060 1390 7216 4175 5773 9350 2625 5213 3073 322 2313 7351 11 9177 1865 4696 6341 678 393 6444 5991 4729 437 663 4075 9378 4649 2314 1460 6252 3781 5194 3618 2932 1103 252 3722 9138 1949 4487 5453 1788 7642 535 3526 8011 6847 4205 2535 5090 1688 414 1557
5035 8381 5178 153 1240 990 5458 2422 3326 8019 2658 1821 4224 6339 7087 1495 2511 4197 4771 5700 4564 5951 4185 4093 855 3193 2830 7966 1815 3754 6305 7451 7024 2981 547 4919 3151 9381 1456 6722 1213 6842 8496 8995 805 5345 4054 7285 2965 7818 6514 4586 2235 6727 171 1117 2995 4563 3903 8383 8181 8700 3561 3368 8258 9133 8665 795 1826 6076 5442 8065 4743 3134 917 1613 1371 3513 6387 4259 7802 8943 2900 5754 1610 3267 7404 8955 4918 6915 5553 4885 6592 2091 9 7675 8906
2129 5319 8435 3719 4791 3145 116 84 1429 3870 4266 7275 5383 4737 4897 8725 3662 2498 1070 7728 6939 3959 8103 364 3554 3676 4912 8901 4369 8739 8289 7015 3941 1746 3120 5192 5533 4664 5492 1075 1687 7065 6899 9017 6968 8379 7588 2699 8456 7783 6714 205 4364 8603 1710 473 5586 7378 2236 3215 3966 3086 2317 7603 1499 5188 3725 9382 1435 7511 951 792 1004 6008 7945 8492 8000 4981 3771 5726 1199 7481 8706 3891 7365 2738 3953 597 229 6009 4486 3058 3430 7716 3926 1105 8320
1165 3314 1537 4873 3610 3363 3446 6983 989 2455 2977 1504 7882 7292 7670 9389 3811 562 4292 1022 9259 8086 7649 1485 3905 7540 8530 2615 7438 222 5693 5836 5367 8666 7575 7722 3735 4762 4815 8942 8034 6282 213 4118 9339 5349 7453 8788 5177 4249 987 5669 9086 5591 1052 5351 7506 580 2728 7155 9016 8022 1660 2548 2213 5855 4927 3622 6730 1054 7862 1797 8828 7733 7078 5257 8886 5522 7501 1472 9268 5264 6309 3988 3243 5214 1853 701 7655 8075 4394 6614 1131 6991 9396 7240 3749
6338 9104 2526 2880 3011 6967 8428 8463 7392 9053 7796 9166 6265 4864 7644 6229 8436 4405 4728 352 8031 3638 6949 1538 5004 1107 4387 8271 6850 5346 189 118 8599 938 3611 9402 8634 2683 1729 7913 7937 5930 1567 7052 2611 254 609 776 2361 6662 6010 4996 6291 1807 7537 6153 5378 5356 7582 4944 6286 5218 9202 7801 7189 3459 2269 7496 3362 1493 56 6337 1276 1228 870 8045 3801 3078 6580 7447 9035 3159 2994 1974 3330 3983 2208 4620 7694 2626 2351 988 4793 3142 3050 5655 3416
8041 4717 6032 1033 3634 4222 360 8792 2389 5053 6227 1042 6828 7952 9244 1682 5929 2917 3477 8466 1110 8847 564 4966 9237 410 3297 883 6343 282 2117 8237 9088 1593 9251 7604 2891 3028 5697 3570 4283 123 1545 6796 6512 8553 3382 4858 2695 6058 1191 1715 7557 2962 2810 6568 8939 4010 1646 2429 298 6293 2791 6354 4715 138 4847 4710 626 3992 7805 3908 8577 7632 8062 8171 5043 2897 6836 8916 4663 8968 8344 596 4189 3557 8772 3501 4725 5459 583 6160 2910 8414 359 2386 1566
470 6550 8494 493 1568 8554 6118 9277 6591 3311 6534 5290 4032 7423 7595 6232 7951 8605 6167 6620 8883 1702 248 306 8184 7821 2438 2586 391 5539 3508 2563 2396 7834 8351 1007 2390 7931 5788 3805 3510 4176 390 6933 1274 3733 5140 8052 9265 4278 7123 5795 6188 4336 6020 6887 7703 1962 1680 6144 6749 6891 7035 1305 7467 2577 1685 7488 5062 4047 373 3176 7742 3055 6817 4887 891 9183 2599 9132 6331 3260 1188 4152 488 4877 3596 1955 5364 1624 7175 7001 838 5468 3156 4554 537
2442 4659 7957 756 3942 2849 7261 6196 7736 5905 6025 5528 871 8410 3901 1286 5724 3341 4558 1718 8872 8091 2189 5827 5664 3931 2497 9155 4957 9114 5521 9252 6047 6974 5806 5858 767 110 5523 8865 7521 2106 2746 9119 3364 612 5428 742 6330 368 7061 5249 2862 8364 3778 239 7906 8775 3912 7266 731 7466 4440 5277 8958 2638 6716 1543 8954 4255 6695 3946 1675 5251 9353 9357 3594 448 6130 3164 1466 4140 5019 4760 1542 981 7990 5983 397 3250 1553 3286 6665 3381 2327 6323 6743
2706 7464 1115 5390 2593 6530 6272 28 3346 6471 2002 8627 2731 9221 7247 2271 3887 6960 6617 6169 6023 2512 8854 8285 5831 4787 4154 4865 6367 7187 8441 461 7799 2848 3407 5157 5083 8956 5549 7894 4523 182 6871 9408 6702 1804 71 8596 2206 911 9332 6064 3533 2975 6609 4765 2788 1325 6071 3369 8004 15 608 4540 5148 1109 6501 4213 8322 6158 7597 8342 2787 7337 937 1189 5844 6079 9315 7720 8352 7330 6434 5317 8782 1813 43 5128 4738 2318 6492 6753 4960 4869 592 4007 1561
6274 120 8500 3041 7471 3460 5940 1088 7479 3442 2 8084 7128 2785 3182 220 3919 6761 9377 3641 3552 7658 8509 7290 9249 5044 7666 2097 1839 2241 1427 2618 2720 6410 3842 3724 5022 1674 6384 2944 2670 7942 1827 5498 796 1887 1072 5551 6619 5125 4740 253 4240 7032 1917 5907 2507 1403 9354 2276 5486 5391 8710 4428 3963 6877 1555 7297 8446 5484 6198 1306 297 6718 811 5222 22 2617 8971 6439 2326 8116 6162 1080 2102 7680 3923 8522 899 5479 7985 154 8212 9126 463 2546 4363
7307 3563 7141 2399 5960 6311 8701 2402 2762 4232 513 4181 1795 8679 7553 644 5882 4527 8983 2449 5900 6097 4147 5483 2899 4435 2775 2095 8597 3224 7562 3476 9207 4625 7811 1642 3316 4756 7924 283 5255 3933 4025 7587 5270 8848 4144 8549 8346 6801 21 6733 90 5811 2431 6276 1556 8090 6988 8992 9241 7160 7998 6773 2669 6002 458 9000 5595 4338 6206 9078 1731 7569 7131 5465 8766 6104 324 8835 1422 6704 7477 2803 8370 4477 2447 5721 7491 853 1324 2567 5427 2184 7143 7255 3208
773 3779 5731 7787 273 131 8993 6103 98 8585 746 4499 7457 7134 6483 9212 8873 6172 6334 5048 8128 834 8102 2289 507 6669 1744 675 2215 3271 2143 6138 8810 77 97 2933 6482 3366 4776 8559 7422 2504 2602 6516 3185 3658 6226 3112 1287 7696 19 2760 554 384 5557 1326 7293 9387 2686 2065 5487 8953 7124 4448 215 5921 8513 8845 9075 6189 7899 9287 5151 4471 2675 339 3406 5934 2125 7911 9293 6747 6880 5298 4920 788 3763 3285 4125 7987 7341 8601 434 3651 1877 2094 4073
1122 6442 6327 585 9049 7102 6379 2898 2771 1060 5103 7041 7861 8053 4795 100 1037 5154 2737 4542 8600 7403 4312 235 2104 1870 6258 2372 1193 6732 1976 212 1441 5732 3463 2374 7048 6955 6352 7748 9263 4436 2608 3865 7907 544 3686 765 4383 1794 3940 3796 1413 3138 5235 3999 879 3201 6581 849 3886 8097 1129 5389 8719 772 7441 8712 1308 4478 7605 9334 5476 7860 1500 4194 1064 821 5149 8461 6892 8541 1313 2855 7667 4931 9147 6694 7171 5821 91 5502 2243 5493 2394 696 5668
6190 4229 4666 2850 7090 1281 8900 9118 8216 6381 460 9079 6840 5575 1693 3340 8046 3424 1119 6366 5168 8189 3868 6035 1534 7573 4745 5906 713 5114 6824 6046 1209 8744 2445 8197 8047 5286 6621 2070 8479 4998 9062 4876 8895 8070 2405 3764 2619 1231 8604 5223 8592 6906 8178 9264 6350 8937 3228 6606 1937 6561 8952 6263 5186 8230 6754 2646 280 6459 2481 3204 3555 7854 9374 7039 8067 527 6655 8618 7026 6411 1841 9092 6087 3365 6751 6802 550 9270 1463 5340 5445 2193 3812 6369 7761
2142 3403 3648 6507 1146 8314 8815 7677 3794 3081 9299 344 6843 4810 3699 5241 836 2786 8850 7566 6137 2842 1602 7279 6921 1904 964 5833 6432 5705 7838 9338 6909 6319 178 6490 4639 1774 224 6257 2135 93 6552 2014 7892 8672 5828 3131 6000 3163 9210 7556 2001 6031 2031 5042 126 8896 3054 7164 6001 5887 6720 3379 1302 2888 1023 3047 6762 2134 8678 6913 5704 7634 4641 7869 2004 948 1620 7038 5573 2827 4002 1894 6029 5682 2553 2960 1720 2242 1799 1771 6962 5869 8129 8055 7310
728 3673 4061 7480 2088 679 6289 3353 6767 8626 4096 9182 8807 2513 1121 3462 2832 6115 510 1424 952 5766 394 2804 6037 5372 2144 2305 316 3820 8305 6428 495 3343 4251 7904 723 1828 1488 4334 4059 1727 6612 6044 5282 2158 9013 6838 2773 2145 8704 7759 4143 4770 4315 1805 9096 2853 944 7249 52 4959 4424 3383 7036 3432 7687 2309 900 8395 3834 5871 5943 7200 8584 1659 1975 1583 5408 6971 859 5376 8668 976 3349 4082 6449 5974 6841 5116 3002 3043 4769 8564 8759 812 6992
1635 553 5558 112 6277 4799 2172 4535 2754 67 3807 3180 4447 7856 5342 8931 8803 874 4407 6298 2345 734 908 380 1920 8689 7549 9174 5406 2964 8822 6957 4967 1762 1626 3249 2195 6989 7548 2821 3329 2931 9163 8843 7797 8242 1482 2471 7459 7262 9185 1204 4199 2061 7012 5089 4437 9393 3465 7841 6168 5169 3342 5321 2941 4188 720 369 7515 8899 3872 7104 1425 6117 5370 4467 4263 6326 3227 5248 2767 3438 5971 8040 462 4976 6360 14 7245 4859 9142 9292 4809 2367 6768 9216 1156
3279 5980 3187 3844 5076 4816 1782 6356 5771 5070 6520 7209 3629 2968 8348 2015 8905 787 2750 1511 8959 6307 3869 9027 8580 4038 8246 1344 6135 3299 1247 1738 1993 548 7639 8676 3873 8830 5183 7842 158 7454 2580 1997 4126 8778 1603 7660 4987 5505 7877 5602 85 8154 7709 3556 6908 6437 7638 6540 4817 1758 3979 2228 1931 931 4753 3514 3400 8296 7166 697 7752 3521 3114 1150 8800 797 4235 1478 1312 4276 1530 1867 7058 4689 3660 3469 5308 996 8519 6610 8161 9218 6254 618 5232
259 8570 8842 3039 4066 6395 2895 4000 5564 3280 5269 7232 2768 9054 4883 749 2048 3334 566 6182 3344 6126 8686 3670 8255 1526 276 8388 1999 973 9131 6464 5199 6362 2736 6527 8372 650 3987 7564 8898 1239 1823 4463 8176 3522 1196 5703 3479 3954 8536 1367 3033 5608 6941 8431 2631 768 6537 7590 3742 5525 385 5123 6376 754 8869 7618 6896 8747 4997 4380 7755 8729 2003 1936 7148 1166 4127 575 2420 963 3756 8407 7305 2951 8714 4615 909 1497 2373 5627 5171 2687 1282 1757 5084
771 7926 6400 1104 4342 2168 4311 4654 8297 4778 9316 8498 4904 5750 6480 5853 7390 6042 9328 5582 367 1453 1594 6072 4241 5439 7702 637 8422 785 8620 4035 6460 3791 1517 2765 8209 1871 7706 3996 7646 932 4117 6684 1847 133 3380 7628 1076 3978 3904 4905 2572 8273 9399 2308 1995 5485 8032 8849 6535 1135 2358 1861 1952 8576 4446 8763 2582 2174 3894 4747 9384 3806 7846 8085 2108 4422 8447 1651 1229 1888 677 4141 2978 3372 3600 8731 7732 4652 5284 8268 3690 8831 4068 6526 5508
3458 1481 2140 4460 6857 3784 1310 333 3037 9085 5211 8072 1242 1764 4975 1251 8132 6579 1230 9409 244 4243 1977 8998 4130 841 2238 3534 459 3714 2847 4796 7635 4219 9235 4149 8974 1521 5477 4039 5050 4506 4168 1214 3504 1175 7751 467 7206 6996 8944 5803 9303 5021 7299 2802 827 7236 5244 6759 6349 7376 5175 7541 1187 5975 8037 7891 2067 1291 4139 7504 7314 6588 3206 5301 530 1573 1114 6756 5450 5733 8749 7178 1384 5937 8312 3244 7462 2244 8162 4170 3237 5334 5121 9076 6930
730 3902 3240 4406 1208 3087 4948 6329 7754 8824 5466 5825 4257 3472 8978 251 8151 868 3246 6347 8653 3478 7643 5416 7458 6641 7970 7777 2454 7126 6502 3900 6882 2388 2885 332 3876 3189 6839 2993 3668 1600 9391 8338 7258 4526 7495 1873 7619 303 7407 3083 6024 8574 5817 8482 95 9123 1327 7518 3747 3262 1809 5606 1549 8990 6815 2790 7782 8329 5113 6250 8699 6413 3411 8286 5024 3874 5291 2397 4060 3069 2058 3582 7986 4739 147 8101 6976 4426 8606 5688 440 2500 4360 3296 8894
5396 8735 4432 5056 8425 3757 2839 2296 7323 3853 1942 2691 1374 1366 779 8707 8659 5265 7215 2339 8010 5187 1831 6217 4124 8418 6769 5589 7132 8542 8104 326 4973 6022 7320 7402 9276 7689 1563 1778 740 4850 7544 7030 1118 574 4085 8768 1882 2782 5777 2531 5475 5497 3921 7917 2973 2093 3584 5302 1515 2328 4458 3569 6952 185 7318 3525 2774 8450 7165 2069 1605 6430 2182 2151 4493 6486 6562 3879 2644 1522 2066 1050 7679 1529 8265 6068 87 869 9048 2085 2892 7589 231 2229 7153
1428 5911 6406 2585 8671 5500 2549 2035 5953 1580 490 275 7352 633 1271 7571 4097 451 2792 9379 5467 9347 8723 9245 5794 5104 9226 1138 8180 7223 4831 1959 50 4074 5716 8941 2824 2510 9206 8387 160 3523 4784 576 3429 5003 1607 2011 5271 3674 8096 992 4829 1858 6441 9239 5843 7921 7526 5982 6556 3277 4591 5917 1773 103 5760 2087 3490 7717 1380 9006 1979 3773 2589 1819 7766 4602 606 9061 9376 676 3263 7140 3528 7565 7653 6595 5460 552 5728 1330 1163 8350 5234 3752 5379
2647 6375 9081 4173 4314 4557 7536 6450 3823 1753 2740 5780 4343 5455 1205 1910 8309 4783 6565 6792 8885 1691 8619 4682 96 5792 6903 8550 57 3915 6073 4688 2465 2565 3934 1585 6553 1902 6053 6809 1667 2150 4207 115 7508 648 2635 5604 2415 3550 4924 6151 6624 8215 3209 928 2881 8524 8402 1211 7546 1789 4644 5400 1455 2301 5054 959 8680 882 647 6632 7473 3108 3768 7961 3575 1009 3082 7432 2592 4182 5287 9217 4331 5945 7647 5401 4376 1232 2826 403 257 7757 4832 5001 6618
5657 538 8303 8589 5011 9148 7863 8210 1953 8489 2047 6542 7173 1548 8331 5797 6642 6139 382 3157 2160 4079 6681 6629 1058 5438 4201 1006 1886 4683 3393 4408 9181 7701 4024 192 6712 7116 330 5296 8298 3466 3827 8326 2270 8109 7935 3397 208 6207 5394 5670 7006 6301 9274 7 7887 2696 4758 9197 1015 3481 7875 743 877 9011 6602 7507 3836 8013 3524 2222 1130 4 752 4519 6975 1256 8914 1030 6039 710 5385 2966 357 5667 726 8591 7848 7417 844 6106 919 966 7994 9115 4990
4162 6670 9074 7978 4867 5144 5327 6248 1027 1278 471 3162 1582 3235 1354 939 2277 3581 29 683 6208 7885 5619 8515 4788 6316 856 904 6051 1830 4233 9113 689 912 4626 7129 8808 6141 8012 8794 9127 3772 5124 2641 3061 4694 7594 8687 1437 7004 6385 9005 312 3226 4296 2732 4721 5258 4754 5759 9087 4599 3454 6699 1087 1176 5065 4711 5412 6288 8208 7151 9023 3230 1588 7903 4894 910 682 8156 7230 3715 2278 3268 3681 8693 5504 7469 7967 3202 5210 4642 2340 3845 4072 2378 3005
7029 4844 6171 6499 1245 2883 4392 9317 5862 6059 3436 4781 2596 7527 1929 8029 3428 5352 9169 3408 9309 3918 4504 1479 525 300 7353 3706 8131 5840 5058 1405 8439 551 2806 8401 1250 8121 7081 9040 6159 1766 1443 3929 1416 3503 416 4559 8003 108 9386 4856 48 1980 441 8280 2078 8512 9341 5671 5654 5013 6393 894 9171 520 2487 2942 8024 7005 1093 8073 3071 8099 3483 485 4420 4090 8947 6351 7774 3137 5511 1125 5676 2703 8233 6324 861 4466 7272 1884 6898 2262 6111 7193 4993
3019 2251 6951 1159 2258 4200 2400 6186 3331 7809 3606 7435 329 2169 2137 6242 6511 1057 5473 7812 5554 8972 6849 6558 6166 4500 1889 2515 5012 8389 7144 1551 6746 2837 5329 8491 4624 9193 722 2660 8622 9168 7930 7381 509 4324 3976 1237 371 1272 3536 4660 8897 5988 940 8051 3060 933 5209 2105 6627 5243 3864 7760 8643 5513 2779 6066 681 4022 9149 3440 3993 1 7872 7599 4165 709 715 7047 4637 6677 53 8677 8837 4610 531 8214 913 3373 8207 6215 6546 8825 5830 2300 1643
8518 274 4260 5131 8662 41 3389 6346 1019 6163 3032 4836 7776 3291 3146 4215 6635 164 4427 4325 4520 3541 5474 3040 9364 1728 2927 325 4303 3089 8468 8962 6644 1924 5661 2074 2529 8628 4608 3126 2149 8573 8191 186 4212 5987 3484 1034 388 5028 63 7608 9021 2049 6500 445 7685 7431 2315 3485 6284 8552 6630 5422 2359 2923 3824 565 3084 5969 8762 2369 6177 2452 7174 2843 8717 9260 2868 3016 6798 6125 9050 1066 294 9324 5333 7294 3239 898 4409 8380 1046 5675 2812 3956 4001
7259 5630 7714 8745 3546 8647 6692 5863 8213 694 1608 2281 1041 8857 1963 6119 1982 132 4358 1544 5098 3325 816 3175 68 8892 8113 358 10 1133 1994 7611 2192 2688 7060 555 3232 4970 556 3746 4445 1134 4081 1227 2595 693 2464 8789 6765 2166 8827 7580 4808 2352 1562 915 3743 3593 3898 3158 4267 7871 1339 4223 8465 563 5250 1359 4070 1713 2486 5075 1267 2477 3539 9201 5023 3958 8722 1946 1900 3989 4381 4561 9394 7162 6013 2115 6837 1966 4419 5106 4584 1409 5590 4049 7770
4321 8293 8938 2684 5577 268 6318 6261 3034 5452 7207 6026 5297 4416 2383 6402 501 7700 9134 496 5624 166 2574 8196 484 7343 4800 784 3132 5045 632 559 4279 4269 1670 5374 4489 1698 1793 5743 8232 3064 2864 3787 2702 75 4878 1969 4547 4379 8382 265 2179 5092 8291 2216 2913 8493 1922 980 6575 8548 3013 4159 5632 3744 1939 5535 549 8144 6303 1572 5471 2217 8437 6667 9375 2153 738 514 4373 1899 7192 4492 5316 1783 6538 790 3574 3101 1111 5710 4985 2346 8652 590 5311
895 250 5579 230 1351 3118 6910 4916 7888 893 5592 8260 9037 3560 4461 3487 8033 732 3148 4690 2183 725 1733 5708 6062 2755 7270 3883 8565 8960 7949 375 5672 2124 7439 4627 9080 1039 4287 5548 2828 850 5747 3474 826 5961 5377 4655 3885 1587 7051 1053 7311 972 6963 4835 4037 8505 457 4006 8149 4882 5162 8609 2249 2252 8795 1972 3447 2496 8374 1269 6333 6764 8082 2349 9140 8517 1668 6180 635 3848 5660 2288 8001 37 5245 2815 1475 3295 5462 233 2291 4057 1494 4470 8779
1401 3310 3172 4217 3105 9154 3056 1686 4857 4509 9321 5798 3914 9385 1152 1154 3637 6578 971 8856 9033 578 5137 2634 1734 209 3327 3085 6431 1791 1812 7743 8733 3847 4230 6860 9281 8175 2777 1461 896 6586 2331 3969 5405 4533 5867 9365 4178 5935 9359 8669 2458 8608 6982 5968 2906 9262 599 6505 6928 4587 155 8276 8133 1254 264 4027 7626 9320 3626 1650 2743 558 3128 8168 8198 9205 7226 2100 7509 1073 7382 807 8078 3255 187 832 1221 8217 343 8074 8006 9345 6401 4293 8945
9390 6797 2384 799 6564 157 8409 4748 9208 5095 4834 7512 7474 5841 1336 5834 9034 3578 3639 7139 8909 3935 4818 685 7745 3079 9186 134 6934 8861 5695 6854 842 7449 1775 225 892 4907 4058 9141 5787 1207 5922 7785 8068 5979 673 2428 5392 6791 6415 3750 5926 6804 3553 5810 1407 995 4820 5276 1510 5143 8454 2324 6763 519 3042 2128 1915 2282 1431 3679 3608 2657 174 8908 4417 3789 8261 2435 7789 6236 3649 6477 7765 2495 2934 2448 3489 5318 9405 8764 8726 4067 3044 5625 6193
4833 1457 4083 4043 8525 4823 105 4393 6285 1491 1253 426 4697 3298 3357 2490 9031 8834 9291 6572 9407 5910 8432 7850 8575 4947 714 1016 5436 7602 6325 2875 2027 2926 3793 2884 1844 7790 5639 652 2606 1786 5784 837 546 1102 7779 6803 4352 2295 8904 2119 78 4148 5534 8561 234 6150 665 8690 7445 2639 7981 6929 2751 8630 3301 6392 3939 4040 1708 5804 969 3468 8417 4513 9323 1408 4055 5108 6536 8281 2667 86 1864 8472 2915 571 7857 3317 6018 6625 5150 8970 6358 8337 1223
2672 962 4304 1916 5645 803 2970 1094 7016 9363 4806 2623 8703 8730 8476 401 8398 8787 7107 7201 33 8529 5567 1881 9151 4138 7147 8545 8940 2005 8396 1255 3233 4402 3109 5776 7233 8623 7025 6312 7400 7455 6672 1142 8966 8836 7552 7652 4033 5413 7568 7221 1872 7825 7539 2023 2780 3165 2439 1329 7956 8203 3007 3231 699 3751 7744 8781 2357 5055 9153 6725 2109 4281 1243 4366 7235 1989 1194 3278 3580 6396 6740 5350 721 4603 8167 8264 5495 2630 6084 1546 216 5190 2130 7997 1640
8878 4438 6760 1316 3194 8639 8985 3270 2659 2816 8497 4574 8483 9302 4612 1410 8881 1303 4332 5622 8411 5425 7522 5430 3448 1876 1905 4122 4414 5516 6679 3258 2425 4621 8249 8152 8718 2570 2820 2957 5683 6269 8976 8275 2123 2177 6585 3098 3780 5097 3938 1711 5633 8060 452 7120 600 3090 7963 7682 2263 3276 2320 534 3601 956 2614 6832 4378 5166 2749 8114 9211 5202 8755 610 1288 2616 94 4861 5626 8933 9007 8616 5842 5996 6926 5653 431 3758 8201 3453 8423 5343 2758 2940 8368
2298 301 528 1615 3498 7057 4631 7840 4926 8118 8049 3177 5179 177 6522 4104 3850 7361 7446 500 6433 5191 1737 598 9039 6772 420 201 7021 7576 4571 786 4623 8222 818 2362 7581 8069 8860 2566 6472 9194 4677 8177 2138 8934 9052 9388 9117 3155 7914 7127 3455 6905 4273 7157 629 7927 5601 7072 9200 156 2624 5227 3696 2708 5096 7657 5588 1840 4151 6786 4824 3982 8929 687 653 7678 4545 2040 7370 4849 6489 9029 1803 7019 1277 9176 3048 4333 4103 2267 2041 5749 8823 2231 5160
309 7497 4852 2456 1822 2794 6202 6264 3338 7252 7170 101 2230 1780 6345 5899 8195 6050 6368 695 5696 9296 9257 5353 2840 9369 8244 1220 3418 7596 2643 140 2337 2627 6886 7815 7718 8750 7347 3968 7995 802 6224 1837 5079 6567 8661 8080 4539 2132 7791 5005 8814 1490 5572 3913 4016 6161 4630 4592 8106 2064 2020 7168 3292 2955 1630 7152 4812 3328 1265 8251 717 7933 3890 5077 7040 4094 6078 4227 2947 2886 6770 2154 5221 7434 3021 5046 5429 296 8540 5207 7076 7729 8655 1363 780
2427 6920 4113 1862 5809 4056 8241 4932 584 2752 4164 9219 1484 7792 3417 8557 9156 8449 1293 727 8385 7940 8361 336 7902 6028 486 6852 654 7309 5036 1448 4695 7578 5745 489 8438 8786 6399 6912 9184 2863 1270 8200 2322 8544 9196 7673 3712 8016 4943 387 6549 9343 6528 5247 1912 2293 4713 5933 4546 5494 5441 7300 6092 7415 4195 7547 5725 8369 4661 4971 1445 5529 2761 3542 3818 7092 4597 6607 8028 1810 3183 3213 593 5918 5600 2424 5976 2741 1577 272 6518 211 1981 1399 3705
7098 429 3833 7741 2199 3573 1136 6752 2909 6061 4548 6389 320 1470 6110 2983 1078 8964 3551 7984 2559 3345 4280 7874 129 1944 6404 6099 3717 4708 2139 1342 2866 6485 6283 2176 1279 8014 6707 9295 8147 4774 3980 5628 9067 6239 1002 820 1851 7633 8487 8638 5489 6479 374 741 3091 4345 2841 5706 6306 6474 4766 2077 5712 1669 3444 3815 2046 8864 5155 3786 8457 8464 62 7824 7853 2963 8761 7112 6320 4488 5839 6109 8340 3305 8614 4616 9069 7510 745 8617 2499 6423 5365 3473 914
