9996
9971 9970
9972 9973
9973 9972
9974 9975
9975 9974
9976 9977
9977 9976
517 516
518 519
519 518
520 521
521 520
522 523
523 522
524 525
525 524
526 527
527 526
9982 9983
9983 9982
9984 9985
9985 9984
9986 9987
9987 9986
9988 9989
9989 9988
9990 9991
20 21
21 20
22 23
23 22
24 25
25 24
26 27
27 26
28 29
29 28
30 31
31 30
32 33
33 32
34 35
35 34
36 37
37 36
38 39
39 38
40 41
41 40
42 43
43 42
44 45
45 44
46 47
47 46
48 49
49 48
50 51
51 50
52 53
53 52
54 55
55 54
56 57
57 56
58 59
59 58
60 61
61 60
62 63
63 62
64 65
65 64
75 74
66 67
67 66
108 109
109 108
110 111
111 110
112 113
113 112
114 115
115 114
68 69
69 68
70 71
71 70
72 73
73 72
74 75
76 77
77 76
78 79
79 78
80 81
81 80
82 83
648 649
649 648
650 651
651 650
652 653
653 652
654 655
655 654
656 657
657 656
658 659
659 658
660 661
661 660
662 663
663 662
664 665
665 664
666 667
667 666
668 669
669 668
670 671
671 670
672 673
673 672
674 675
675 674
676 677
677 676
678 679
679 678
680 681
681 680
682 683
683 682
684 685
685 684
686 687
687 686
688 689
689 688
690 691
691 690
692 693
693 692
694 695
695 694
696 697
697 696
698 699
699 698
700 701
701 700
702 703
703 702
704 705
705 704
706 707
707 706
708 709
709 708
710 711
711 710
712 713
713 712
714 715
715 714
716 717
717 716
718 719
719 718
720 721
721 720
722 723
723 722
724 725
725 724
726 727
727 726
728 729
729 728
730 731
731 730
732 733
733 732
734 735
735 734
736 737
737 736
738 739
739 738
740 741
741 740
742 743
743 742
744 745
745 744
746 747
747 746
748 749
749 748
750 751
751 750
752 753
753 752
754 755
755 754
756 757
757 756
758 759
759 758
760 761
761 760
762 763
763 762
764 765
765 764
766 767
767 766
768 769
769 768
770 771
771 770
772 773
773 772
774 775
775 774
776 777
777 776
778 779
779 778
780 781
781 780
782 783
783 782
784 785
785 784
786 787
787 786
788 789
789 788
790 791
791 790
792 793
793 792
794 795
795 794
796 797
797 796
798 799
799 798
800 801
801 800
802 803
803 802
804 805
805 804
806 807
807 806
808 809
809 808
810 811
811 810
812 813
813 812
814 815
815 814
816 817
817 816
818 819
819 818
820 821
821 820
822 823
823 822
824 825
825 824
826 827
827 826
828 829
829 828
830 831
831 830
832 833
833 832
834 835
835 834
836 837
837 836
838 839
839 838
840 841
841 840
842 843
843 842
844 845
845 844
846 847
847 846
83 82
84 85
85 84
86 87
87 86
88 89
89 88
90 91
91 90
92 93
93 92
94 95
95 94
96 97
97 96
98 99
99 98
100 101
101 100
102 103
103 102
104 105
105 104
106 107
107 106
116 117
117 116
118 119
119 118
120 121
121 120
122 123
123 122
124 125
125 124
126 127
127 126
128 129
129 128
130 131
131 130
132 133
133 132
134 135
135 134
136 137
137 136
138 139
139 138
140 141
141 140
142 143
143 142
144 145
145 144
146 147
147 146
148 149
149 148
150 151
151 150
152 153
153 152
154 155
155 154
156 157
157 156
158 159
159 158
160 161
161 160
162 163
163 162
164 165
165 164
166 167
167 166
168 169
169 168
170 171
171 170
172 173
173 172
174 175
175 174
176 177
177 176
178 179
179 178
180 181
181 180
182 183
183 182
184 185
185 184
186 187
187 186
188 189
189 188
190 191
191 190
192 193
193 192
194 195
195 194
196 197
197 196
198 199
199 198
200 201
201 200
202 203
203 202
204 205
205 204
206 207
207 206
208 209
209 208
210 211
211 210
212 213
213 212
214 215
215 214
216 217
217 216
218 219
219 218
220 221
221 220
222 223
223 222
224 225
225 224
226 227
227 226
228 229
229 228
230 231
231 230
232 233
233 232
234 235
235 234
236 237
237 236
238 239
239 238
240 241
241 240
242 243
243 242
244 245
245 244
246 247
247 246
248 249
249 248
250 251
251 250
252 253
253 252
254 255
255 254
256 257
257 256
258 259
259 258
260 261
261 260
262 263
263 262
264 265
265 264
266 267
267 266
268 269
269 268
270 271
271 270
272 273
273 272
274 275
275 274
276 277
277 276
278 279
279 278
280 281
281 280
547 546
548 549
549 548
550 551
551 550
552 553
553 552
554 555
555 554
291 290
292 293
293 292
294 295
295 294
296 297
297 296
298 299
299 298
300 301
301 300
302 303
303 302
304 305
305 304
306 307
307 306
308 309
309 308
310 311
311 310
312 313
313 312
314 315
315 314
316 317
317 316
318 319
319 318
320 321
321 320
322 323
323 322
324 325
325 324
326 327
327 326
328 329
329 328
330 331
331 330
332 333
333 332
334 335
335 334
336 337
337 336
338 339
339 338
340 341
341 340
342 343
343 342
344 345
345 344
346 347
347 346
348 349
349 348
350 351
351 350
352 353
353 352
354 355
355 354
356 357
357 356
358 359
359 358
360 361
361 360
362 363
363 362
364 365
365 364
366 367
367 366
368 369
369 368
370 371
371 370
372 373
373 372
374 375
375 374
376 377
377 376
378 379
379 378
380 381
381 380
382 383
383 382
384 385
385 384
386 387
387 386
388 389
389 388
390 391
391 390
392 393
393 392
394 395
395 394
396 397
397 396
398 399
399 398
9978 9979
9979 9978
9980 9981
9981 9980
511 510
512 513
513 512
514 515
515 514
516 517
400 401
401 400
402 403
403 402
404 405
405 404
406 407
407 406
408 409
409 408
410 411
411 410
412 413
413 412
414 415
415 414
416 417
417 416
418 419
419 418
420 421
421 420
422 423
423 422
424 425
425 424
426 427
427 426
428 429
429 428
430 431
431 430
432 433
433 432
434 435
435 434
436 437
437 436
438 439
439 438
440 441
441 440
442 443
443 442
444 445
445 444
446 447
447 446
448 449
449 448
450 451
451 450
452 453
453 452
454 455
455 454
456 457
457 456
458 459
459 458
460 461
461 460
462 463
463 462
464 465
465 464
466 467
467 466
468 469
469 468
470 471
471 470
472 473
473 472
474 475
475 474
476 477
477 476
478 479
479 478
480 481
481 480
482 483
483 482
484 485
485 484
486 487
487 486
488 489
556 557
557 556
558 559
559 558
560 561
561 560
562 563
563 562
564 565
565 564
566 567
567 566
568 569
569 568
570 571
571 570
572 573
573 572
574 575
575 574
576 577
577 576
578 579
579 578
580 581
581 580
582 583
583 582
584 585
585 584
586 587
587 586
588 589
589 588
590 591
591 590
592 593
593 592
594 595
595 594
596 597
597 596
598 599
599 598
600 601
601 600
602 603
603 602
604 605
605 604
606 607
607 606
608 609
609 608
610 611
611 610
612 613
613 612
614 615
615 614
616 617
617 616
618 619
619 618
620 621
621 620
622 623
623 622
624 625
625 624
626 627
627 626
628 629
629 628
630 631
631 630
632 633
633 632
634 635
635 634
636 637
637 636
638 639
639 638
640 641
641 640
642 643
643 642
644 645
645 644
646 647
647 646
282 283
283 282
284 285
285 284
286 287
287 286
288 289
289 288
290 291
489 488
490 491
491 490
492 493
493 492
494 495
495 494
496 497
497 496
498 499
499 498
500 501
501 500
502 503
503 502
504 505
505 504
506 507
507 506
508 509
509 508
510 511
528 529
529 528
530 531
531 530
532 533
533 532
534 535
535 534
536 537
537 536
538 539
539 538
540 541
541 540
542 543
543 542
544 545
545 544
546 547
848 849
849 848
850 851
851 850
852 853
853 852
854 855
855 854
856 857
857 856
858 859
859 858
860 861
861 860
862 863
863 862
864 865
865 864
866 867
867 866
868 869
869 868
870 871
871 870
872 873
873 872
874 875
875 874
876 877
877 876
878 879
879 878
880 881
881 880
882 883
883 882
884 885
885 884
886 887
887 886
888 889
889 888
890 891
891 890
892 893
893 892
894 895
895 894
896 897
897 896
898 899
899 898
900 901
901 900
902 903
903 902
904 905
905 904
906 907
907 906
908 909
909 908
910 911
911 910
912 913
913 912
914 915
915 914
916 917
917 916
918 919
919 918
920 921
921 920
922 923
923 922
924 925
925 924
926 927
927 926
928 929
929 928
930 931
931 930
932 933
933 932
934 935
935 934
936 937
937 936
938 939
939 938
940 941
941 940
942 943
943 942
944 945
945 944
946 947
947 946
948 949
949 948
950 951
951 950
952 953
953 952
954 955
955 954
956 957
957 956
958 959
959 958
960 961
961 960
962 963
963 962
964 965
965 964
966 967
967 966
968 969
969 968
970 971
971 970
972 973
973 972
974 975
975 974
976 977
977 976
978 979
979 978
980 981
981 980
982 983
983 982
984 985
985 984
986 987
987 986
988 989
989 988
990 991
991 990
992 993
993 992
994 995
995 994
996 997
997 996
998 999
999 998
1000 1001
1001 1000
1002 1003
1003 1002
1004 1005
1005 1004
1006 1007
1007 1006
1008 1009
1009 1008
1010 1011
1011 1010
1012 1013
1013 1012
1014 1015
1015 1014
1016 1017
1017 1016
1018 1019
1019 1018
1020 1021
1021 1020
1022 1023
1023 1022
1024 1025
1025 1024
1026 1027
1027 1026
1028 1029
1029 1028
1030 1031
1031 1030
1032 1033
1033 1032
1034 1035
1035 1034
1036 1037
1037 1036
1038 1039
1039 1038
1040 1041
1041 1040
1042 1043
1043 1042
1044 1045
1045 1044
1046 1047
1047 1046
1048 1049
1049 1048
1050 1051
1051 1050
1052 1053
1053 1052
1054 1055
1055 1054
1056 1057
1057 1056
1058 1059
1059 1058
1060 1061
1061 1060
1062 1063
1063 1062
1064 1065
1065 1064
1066 1067
1067 1066
1068 1069
1069 1068
1070 1071
1071 1070
1072 1073
1073 1072
1074 1075
1075 1074
1076 1077
1077 1076
1078 1079
1079 1078
1080 1081
1081 1080
1082 1083
1083 1082
1084 1085
1085 1084
1086 1087
1087 1086
1088 1089
1089 1088
1090 1091
1091 1090
1092 1093
1093 1092
1094 1095
1095 1094
1096 1097
1097 1096
1098 1099
1099 1098
1100 1101
1101 1100
1102 1103
1103 1102
1104 1105
1105 1104
1106 1107
1107 1106
1108 1109
1109 1108
1110 1111
1111 1110
1112 1113
1113 1112
1114 1115
1115 1114
1116 1117
1117 1116
1118 1119
1119 1118
1120 1121
1121 1120
1122 1123
1123 1122
1124 1125
1125 1124
1126 1127
1127 1126
1128 1129
1129 1128
1130 1131
1131 1130
1132 1133
1133 1132
1134 1135
1135 1134
1136 1137
1137 1136
1138 1139
1139 1138
1140 1141
1141 1140
1142 1143
1143 1142
1144 1145
1145 1144
1146 1147
1147 1146
1148 1149
1149 1148
1150 1151
1151 1150
1152 1153
1153 1152
1154 1155
1155 1154
1156 1157
1157 1156
1158 1159
1159 1158
1160 1161
1161 1160
1162 1163
1163 1162
1164 1165
1165 1164
1166 1167
1167 1166
1168 1169
1169 1168
1170 1171
1171 1170
1172 1173
1173 1172
1174 1175
1175 1174
1176 1177
1177 1176
1178 1179
1179 1178
1180 1181
1181 1180
1182 1183
1183 1182
1184 1185
1185 1184
1186 1187
1187 1186
1188 1189
1189 1188
1190 1191
1191 1190
1192 1193
1193 1192
1194 1195
1195 1194
1196 1197
1197 1196
1198 1199
1199 1198
1200 1201
1201 1200
1202 1203
1203 1202
1204 1205
1205 1204
1206 1207
1207 1206
1208 1209
1209 1208
1210 1211
1211 1210
1212 1213
1213 1212
1214 1215
1215 1214
1216 1217
1217 1216
1218 1219
1219 1218
1220 1221
1221 1220
1222 1223
1223 1222
1224 1225
1225 1224
1226 1227
1227 1226
1228 1229
1229 1228
1230 1231
1231 1230
1232 1233
1233 1232
1234 1235
1235 1234
1236 1237
1237 1236
1238 1239
1239 1238
1240 1241
1241 1240
1242 1243
1243 1242
1244 1245
1245 1244
1246 1247
1247 1246
1248 1249
1249 1248
1250 1251
1251 1250
1252 1253
1253 1252
1254 1255
1255 1254
1256 1257
1257 1256
1258 1259
1259 1258
1260 1261
1261 1260
1262 1263
1263 1262
1264 1265
1265 1264
1266 1267
1267 1266
1268 1269
1269 1268
1270 1271
1271 1270
1272 1273
1273 1272
1274 1275
1275 1274
1276 1277
1277 1276
1278 1279
1279 1278
1280 1281
1281 1280
1282 1283
1283 1282
1284 1285
1285 1284
1286 1287
1287 1286
1288 1289
1289 1288
1290 1291
1291 1290
1292 1293
1293 1292
1294 1295
1295 1294
1296 1297
1297 1296
1298 1299
1299 1298
1300 1301
1301 1300
1302 1303
1303 1302
1304 1305
1305 1304
1306 1307
1307 1306
1308 1309
1309 1308
1310 1311
1311 1310
1312 1313
1313 1312
1314 1315
1315 1314
1316 1317
1317 1316
1318 1319
1319 1318
1320 1321
1321 1320
1322 1323
1323 1322
1324 1325
1325 1324
1326 1327
1327 1326
1328 1329
1329 1328
1330 1331
1331 1330
1332 1333
1333 1332
1334 1335
1335 1334
1336 1337
1337 1336
1338 1339
1339 1338
1340 1341
1341 1340
1342 1343
1343 1342
1344 1345
1345 1344
1346 1347
1347 1346
1348 1349
1349 1348
1350 1351
1351 1350
1352 1353
1353 1352
1354 1355
1355 1354
1356 1357
1357 1356
1358 1359
1359 1358
1360 1361
1361 1360
1362 1363
1363 1362
1364 1365
1365 1364
1366 1367
1367 1366
1368 1369
1369 1368
1370 1371
1371 1370
1372 1373
1373 1372
1374 1375
1375 1374
1376 1377
1377 1376
1378 1379
1379 1378
1380 1381
1381 1380
1382 1383
1383 1382
1384 1385
1385 1384
1386 1387
1387 1386
1388 1389
1389 1388
1390 1391
1391 1390
1392 1393
1393 1392
1394 1395
1395 1394
1396 1397
1397 1396
1398 1399
1399 1398
1400 1401
1401 1400
1402 1403
1403 1402
1404 1405
1405 1404
1406 1407
1407 1406
1408 1409
1409 1408
1410 1411
1411 1410
1412 1413
1413 1412
1414 1415
1415 1414
1416 1417
1417 1416
1418 1419
1419 1418
1420 1421
1421 1420
1422 1423
1423 1422
1424 1425
1425 1424
1426 1427
1427 1426
1428 1429
1429 1428
1430 1431
1431 1430
1432 1433
1433 1432
1434 1435
1435 1434
1436 1437
1437 1436
1438 1439
1439 1438
1440 1441
1441 1440
1442 1443
1443 1442
1444 1445
1445 1444
1446 1447
1447 1446
1448 1449
1449 1448
1450 1451
1451 1450
1452 1453
1453 1452
1454 1455
1455 1454
1456 1457
1457 1456
1458 1459
1459 1458
1460 1461
1461 1460
1462 1463
1463 1462
1464 1465
1465 1464
1466 1467
1467 1466
1468 1469
1469 1468
1470 1471
1471 1470
1472 1473
1473 1472
1474 1475
1475 1474
1476 1477
1477 1476
1478 1479
1479 1478
1480 1481
1481 1480
1482 1483
1483 1482
1484 1485
1485 1484
1486 1487
1487 1486
1488 1489
1489 1488
1490 1491
1491 1490
1492 1493
1493 1492
1494 1495
1495 1494
1496 1497
1497 1496
1498 1499
1499 1498
1500 1501
1501 1500
1502 1503
1503 1502
1504 1505
1505 1504
1506 1507
1507 1506
1508 1509
1509 1508
1510 1511
1511 1510
1512 1513
1513 1512
1514 1515
1515 1514
1516 1517
1517 1516
1518 1519
1519 1518
1520 1521
1521 1520
1522 1523
1523 1522
1524 1525
1525 1524
1526 1527
1527 1526
1528 1529
1529 1528
1530 1531
1531 1530
1532 1533
1533 1532
1534 1535
1535 1534
1536 1537
1537 1536
1538 1539
1539 1538
1540 1541
1541 1540
1542 1543
1543 1542
1544 1545
1545 1544
1546 1547
1547 1546
1548 1549
1549 1548
1550 1551
1551 1550
1552 1553
1553 1552
1554 1555
1555 1554
1556 1557
1557 1556
1558 1559
1559 1558
1560 1561
1561 1560
1562 1563
1563 1562
1564 1565
1565 1564
1566 1567
1567 1566
1568 1569
1569 1568
1570 1571
1571 1570
1572 1573
1573 1572
1574 1575
1575 1574
1576 1577
1577 1576
1578 1579
1579 1578
1580 1581
1581 1580
1582 1583
1583 1582
1584 1585
1585 1584
1586 1587
1587 1586
1588 1589
1589 1588
1590 1591
1591 1590
1592 1593
1593 1592
1594 1595
1595 1594
1596 1597
1597 1596
1598 1599
1599 1598
1600 1601
1601 1600
1602 1603
1603 1602
1604 1605
1605 1604
1606 1607
1607 1606
1608 1609
1609 1608
1610 1611
1611 1610
1612 1613
1613 1612
1614 1615
1615 1614
1616 1617
1617 1616
1618 1619
1619 1618
1620 1621
1621 1620
1622 1623
1623 1622
1624 1625
1625 1624
1626 1627
1627 1626
1628 1629
1629 1628
1630 1631
1631 1630
1632 1633
1633 1632
1634 1635
1635 1634
1636 1637
1637 1636
1638 1639
1639 1638
1640 1641
1641 1640
1642 1643
1643 1642
1644 1645
1645 1644
1646 1647
1647 1646
1648 1649
1649 1648
1650 1651
1651 1650
1652 1653
1653 1652
1654 1655
1655 1654
1656 1657
1657 1656
1658 1659
1659 1658
1660 1661
1661 1660
1662 1663
1663 1662
1664 1665
1665 1664
1666 1667
1667 1666
1668 1669
1669 1668
1670 1671
1671 1670
1672 1673
1673 1672
1674 1675
1675 1674
1676 1677
1677 1676
1678 1679
1679 1678
1680 1681
1681 1680
1682 1683
1683 1682
1684 1685
1685 1684
1686 1687
1687 1686
1688 1689
1689 1688
1690 1691
1691 1690
1692 1693
1693 1692
1694 1695
1695 1694
1696 1697
1697 1696
1698 1699
1699 1698
1700 1701
1701 1700
1702 1703
1703 1702
1704 1705
1705 1704
1706 1707
1707 1706
1708 1709
1709 1708
1710 1711
1711 1710
1712 1713
1713 1712
1714 1715
1715 1714
1716 1717
1717 1716
1718 1719
1719 1718
1720 1721
1721 1720
1722 1723
1723 1722
1724 1725
1725 1724
1726 1727
1727 1726
1728 1729
1729 1728
1730 1731
1731 1730
1732 1733
1733 1732
1734 1735
1735 1734
1736 1737
1737 1736
1738 1739
1739 1738
1740 1741
1741 1740
1742 1743
1743 1742
1744 1745
1745 1744
1746 1747
1747 1746
1748 1749
1749 1748
1750 1751
1751 1750
1752 1753
1753 1752
1754 1755
1755 1754
1756 1757
1757 1756
1758 1759
1759 1758
1760 1761
1761 1760
1762 1763
1763 1762
1764 1765
1765 1764
1766 1767
1767 1766
1768 1769
1769 1768
1770 1771
1771 1770
1772 1773
1773 1772
1774 1775
1775 1774
1776 1777
1777 1776
1778 1779
1779 1778
1780 1781
1781 1780
1782 1783
1783 1782
1784 1785
1785 1784
1786 1787
1787 1786
1788 1789
1789 1788
1790 1791
1791 1790
1792 1793
1793 1792
1794 1795
1795 1794
1796 1797
1797 1796
1798 1799
1799 1798
1800 1801
1801 1800
1802 1803
1803 1802
1804 1805
1805 1804
1806 1807
1807 1806
1808 1809
1809 1808
1810 1811
1811 1810
1812 1813
1813 1812
1814 1815
1815 1814
1816 1817
1817 1816
1818 1819
1819 1818
1820 1821
1821 1820
1822 1823
1823 1822
1824 1825
1825 1824
1826 1827
1827 1826
1828 1829
1829 1828
1830 1831
1831 1830
1832 1833
1833 1832
1834 1835
1835 1834
1836 1837
1837 1836
1838 1839
1839 1838
1840 1841
1841 1840
1842 1843
1843 1842
1844 1845
1845 1844
1846 1847
1847 1846
1848 1849
1849 1848
1850 1851
1851 1850
1852 1853
1853 1852
1854 1855
1855 1854
1856 1857
1857 1856
1858 1859
1859 1858
1860 1861
1861 1860
1862 1863
1863 1862
1864 1865
1865 1864
1866 1867
1867 1866
1868 1869
1869 1868
1870 1871
1871 1870
1872 1873
1873 1872
1874 1875
1875 1874
1876 1877
1877 1876
1878 1879
1879 1878
1880 1881
1881 1880
1882 1883
1883 1882
1884 1885
1885 1884
1886 1887
1887 1886
1888 1889
1889 1888
1890 1891
1891 1890
1892 1893
1893 1892
1894 1895
1895 1894
1896 1897
1897 1896
1898 1899
1899 1898
1900 1901
1901 1900
1902 1903
1903 1902
1904 1905
1905 1904
1906 1907
1907 1906
1908 1909
1909 1908
1910 1911
1911 1910
1912 1913
1913 1912
1914 1915
1915 1914
1916 1917
1917 1916
1918 1919
1919 1918
1920 1921
1921 1920
1922 1923
1923 1922
1924 1925
1925 1924
1926 1927
1927 1926
1928 1929
1929 1928
1930 1931
1931 1930
1932 1933
1933 1932
1934 1935
1935 1934
1936 1937
1937 1936
1938 1939
1939 1938
1940 1941
1941 1940
1942 1943
1943 1942
1944 1945
1945 1944
1946 1947
1947 1946
1948 1949
1949 1948
1950 1951
1951 1950
1952 1953
1953 1952
1954 1955
1955 1954
1956 1957
1957 1956
1958 1959
1959 1958
1960 1961
1961 1960
1962 1963
1963 1962
1964 1965
1965 1964
1966 1967
1967 1966
1968 1969
1969 1968
1970 1971
1971 1970
1972 1973
1973 1972
1974 1975
1975 1974
1976 1977
1977 1976
1978 1979
1979 1978
1980 1981
1981 1980
1982 1983
1983 1982
1984 1985
1985 1984
1986 1987
1987 1986
1988 1989
1989 1988
1990 1991
1991 1990
1992 1993
1993 1992
1994 1995
1995 1994
1996 1997
1997 1996
1998 1999
1999 1998
2000 2001
2001 2000
2002 2003
2003 2002
2004 2005
2005 2004
2006 2007
2007 2006
2008 2009
2009 2008
2010 2011
2011 2010
2012 2013
2013 2012
2014 2015
2015 2014
2016 2017
2017 2016
2018 2019
2019 2018
2020 2021
2021 2020
2022 2023
2023 2022
2024 2025
2025 2024
2026 2027
2027 2026
2028 2029
2029 2028
2030 2031
2031 2030
2032 2033
2033 2032
2034 2035
2035 2034
2036 2037
2037 2036
2038 2039
2039 2038
2040 2041
2041 2040
2042 2043
2043 2042
2044 2045
2045 2044
2046 2047
2047 2046
2048 2049
2049 2048
2050 2051
2051 2050
2052 2053
2053 2052
2054 2055
2055 2054
2056 2057
2057 2056
2058 2059
2059 2058
2060 2061
2061 2060
2062 2063
2063 2062
2064 2065
2065 2064
2066 2067
2067 2066
2068 2069
2069 2068
2070 2071
2071 2070
2072 2073
2073 2072
2074 2075
2075 2074
2076 2077
2077 2076
2078 2079
2079 2078
2080 2081
2081 2080
2082 2083
2083 2082
2084 2085
2085 2084
2086 2087
2087 2086
2088 2089
2089 2088
2090 2091
2091 2090
2092 2093
2093 2092
2094 2095
2095 2094
2096 2097
2097 2096
2098 2099
2099 2098
2100 2101
2101 2100
2102 2103
2103 2102
2104 2105
2105 2104
2106 2107
2107 2106
2108 2109
2109 2108
2110 2111
2111 2110
2112 2113
2113 2112
2114 2115
2115 2114
2116 2117
2117 2116
2118 2119
2119 2118
2120 2121
2121 2120
2122 2123
2123 2122
2124 2125
2125 2124
2126 2127
2127 2126
2128 2129
2129 2128
2130 2131
2131 2130
2132 2133
2133 2132
2134 2135
2135 2134
2136 2137
2137 2136
2138 2139
2139 2138
2140 2141
2141 2140
2142 2143
2143 2142
2144 2145
2145 2144
2146 2147
2147 2146
2148 2149
2149 2148
2150 2151
2151 2150
2152 2153
2153 2152
2154 2155
2155 2154
2156 2157
2157 2156
2158 2159
2159 2158
2160 2161
2161 2160
2162 2163
2163 2162
2164 2165
2165 2164
2166 2167
2167 2166
2168 2169
2169 2168
2170 2171
2171 2170
2172 2173
2173 2172
2174 2175
2175 2174
2176 2177
2177 2176
2178 2179
2179 2178
2180 2181
2181 2180
2182 2183
2183 2182
2184 2185
2185 2184
2186 2187
2187 2186
2188 2189
2189 2188
2190 2191
2191 2190
2192 2193
2193 2192
2194 2195
2195 2194
2196 2197
2197 2196
2198 2199
2199 2198
2200 2201
2201 2200
2202 2203
2203 2202
2204 2205
2205 2204
2206 2207
2207 2206
2208 2209
2209 2208
2210 2211
2211 2210
2212 2213
2213 2212
2214 2215
2215 2214
2216 2217
2217 2216
2218 2219
2219 2218
2220 2221
2221 2220
2222 2223
2223 2222
2224 2225
2225 2224
2226 2227
2227 2226
2228 2229
2229 2228
2230 2231
2231 2230
2232 2233
2233 2232
2234 2235
2235 2234
2236 2237
2237 2236
2238 2239
2239 2238
2240 2241
2241 2240
2242 2243
2243 2242
2244 2245
2245 2244
2246 2247
2247 2246
2248 2249
2249 2248
2250 2251
2251 2250
2252 2253
2253 2252
2254 2255
2255 2254
2256 2257
2257 2256
2258 2259
2259 2258
2260 2261
2261 2260
2262 2263
2263 2262
2264 2265
2265 2264
2266 2267
2267 2266
2268 2269
2269 2268
2270 2271
2271 2270
2272 2273
2273 2272
2274 2275
2275 2274
2276 2277
2277 2276
2278 2279
2279 2278
2280 2281
2281 2280
2282 2283
2283 2282
2284 2285
2285 2284
2286 2287
2287 2286
2288 2289
2289 2288
2290 2291
2291 2290
2292 2293
2293 2292
2294 2295
2295 2294
2296 2297
2297 2296
2298 2299
2299 2298
2300 2301
2301 2300
2302 2303
2303 2302
2304 2305
2305 2304
2306 2307
2307 2306
2308 2309
2309 2308
2310 2311
2311 2310
2312 2313
2313 2312
2314 2315
2315 2314
2316 2317
2317 2316
2318 2319
2319 2318
2320 2321
2321 2320
2322 2323
2323 2322
2324 2325
2325 2324
2326 2327
2327 2326
2328 2329
2329 2328
2330 2331
2331 2330
2332 2333
2333 2332
2334 2335
2335 2334
2336 2337
2337 2336
2338 2339
2339 2338
2340 2341
2341 2340
2342 2343
2343 2342
2344 2345
2345 2344
2346 2347
2347 2346
2348 2349
2349 2348
2350 2351
2351 2350
2352 2353
2353 2352
2354 2355
2355 2354
2356 2357
2357 2356
2358 2359
2359 2358
2360 2361
2361 2360
2362 2363
2363 2362
2364 2365
2365 2364
2366 2367
2367 2366
2368 2369
2369 2368
2370 2371
2371 2370
2372 2373
2373 2372
2374 2375
2375 2374
2376 2377
2377 2376
2378 2379
2379 2378
2380 2381
2381 2380
2382 2383
2383 2382
2384 2385
2385 2384
2386 2387
2387 2386
2388 2389
2389 2388
2390 2391
2391 2390
2392 2393
2393 2392
2394 2395
2395 2394
2396 2397
2397 2396
2398 2399
2399 2398
2400 2401
2401 2400
2402 2403
2403 2402
2404 2405
2405 2404
2406 2407
2407 2406
2408 2409
2409 2408
2410 2411
2411 2410
2412 2413
2413 2412
2414 2415
2415 2414
2416 2417
2417 2416
2418 2419
2419 2418
2420 2421
2421 2420
2422 2423
2423 2422
2424 2425
2425 2424
2426 2427
2427 2426
2428 2429
2429 2428
2430 2431
2431 2430
2432 2433
2433 2432
2434 2435
2435 2434
2436 2437
2437 2436
2438 2439
2439 2438
2440 2441
2441 2440
2442 2443
2443 2442
2444 2445
2445 2444
2446 2447
2447 2446
2448 2449
2449 2448
2450 2451
2451 2450
2452 2453
2453 2452
2454 2455
2455 2454
2456 2457
2457 2456
2458 2459
2459 2458
2460 2461
2461 2460
2462 2463
2463 2462
2464 2465
2465 2464
2466 2467
2467 2466
2468 2469
2469 2468
2470 2471
2471 2470
2472 2473
2473 2472
2474 2475
2475 2474
2476 2477
2477 2476
2478 2479
2479 2478
2480 2481
2481 2480
2482 2483
2483 2482
2484 2485
2485 2484
2486 2487
2487 2486
2488 2489
2489 2488
2490 2491
2491 2490
2492 2493
2493 2492
2494 2495
2495 2494
2496 2497
2497 2496
2498 2499
2499 2498
2500 2501
2501 2500
2502 2503
2503 2502
2504 2505
2505 2504
2506 2507
2507 2506
2508 2509
2509 2508
2510 2511
2511 2510
2512 2513
2513 2512
2514 2515
2515 2514
2516 2517
2517 2516
2518 2519
2519 2518
2520 2521
2521 2520
2522 2523
2523 2522
2524 2525
2525 2524
2526 2527
2527 2526
2528 2529
2529 2528
2530 2531
2531 2530
2532 2533
2533 2532
2534 2535
2535 2534
2536 2537
2537 2536
2538 2539
2539 2538
2540 2541
2541 2540
2542 2543
2543 2542
2544 2545
2545 2544
2546 2547
2547 2546
2548 2549
2549 2548
2550 2551
2551 2550
2552 2553
2553 2552
2554 2555
2555 2554
2556 2557
2557 2556
2558 2559
2559 2558
2560 2561
2561 2560
2562 2563
2563 2562
2564 2565
2565 2564
2566 2567
2567 2566
2568 2569
2569 2568
2570 2571
2571 2570
2572 2573
2573 2572
2574 2575
2575 2574
2576 2577
2577 2576
2578 2579
2579 2578
2580 2581
2581 2580
2582 2583
2583 2582
2584 2585
2585 2584
2586 2587
2587 2586
2588 2589
2589 2588
2590 2591
2591 2590
2592 2593
2593 2592
2594 2595
2595 2594
2596 2597
2597 2596
2598 2599
2599 2598
2600 2601
2601 2600
2602 2603
2603 2602
2604 2605
2605 2604
2606 2607
2607 2606
2608 2609
2609 2608
2610 2611
2611 2610
2612 2613
2613 2612
2614 2615
2615 2614
2616 2617
2617 2616
2618 2619
2619 2618
2620 2621
2621 2620
2622 2623
2623 2622
2624 2625
2625 2624
2626 2627
2627 2626
2628 2629
2629 2628
2630 2631
2631 2630
2632 2633
2633 2632
2634 2635
2635 2634
2636 2637
2637 2636
2638 2639
2639 2638
2640 2641
2641 2640
2642 2643
2643 2642
2644 2645
2645 2644
2646 2647
2647 2646
2648 2649
2649 2648
2650 2651
2651 2650
2652 2653
2653 2652
2654 2655
2655 2654
2656 2657
2657 2656
2658 2659
2659 2658
2660 2661
2661 2660
2662 2663
2663 2662
2664 2665
2665 2664
2666 2667
2667 2666
2668 2669
2669 2668
2670 2671
2671 2670
2672 2673
2673 2672
2674 2675
2675 2674
2676 2677
2677 2676
2678 2679
2679 2678
2680 2681
2681 2680
2682 2683
2683 2682
2684 2685
2685 2684
2686 2687
2687 2686
2688 2689
2689 2688
2690 2691
2691 2690
2692 2693
2693 2692
2694 2695
2695 2694
2696 2697
2697 2696
2698 2699
2699 2698
2700 2701
2701 2700
2702 2703
2703 2702
2704 2705
2705 2704
2706 2707
2707 2706
2708 2709
2709 2708
2710 2711
2711 2710
2712 2713
2713 2712
2714 2715
2715 2714
2716 2717
2717 2716
2718 2719
2719 2718
2720 2721
2721 2720
2722 2723
2723 2722
2724 2725
2725 2724
2726 2727
2727 2726
2728 2729
2729 2728
2730 2731
2731 2730
2732 2733
2733 2732
2734 2735
2735 2734
2736 2737
2737 2736
2738 2739
2739 2738
2740 2741
2741 2740
2742 2743
2743 2742
2744 2745
2745 2744
2746 2747
2747 2746
2748 2749
2749 2748
2750 2751
2751 2750
2752 2753
2753 2752
2754 2755
2755 2754
2756 2757
2757 2756
2758 2759
2759 2758
2760 2761
2761 2760
2762 2763
2763 2762
2764 2765
2765 2764
2766 2767
2767 2766
2768 2769
2769 2768
2770 2771
2771 2770
2772 2773
2773 2772
2774 2775
2775 2774
2776 2777
2777 2776
2778 2779
2779 2778
2780 2781
2781 2780
2782 2783
2783 2782
2784 2785
2785 2784
2786 2787
2787 2786
2788 2789
2789 2788
2790 2791
2791 2790
2792 2793
2793 2792
2794 2795
2795 2794
2796 2797
2797 2796
2798 2799
2799 2798
2800 2801
2801 2800
2802 2803
2803 2802
2804 2805
2805 2804
2806 2807
2807 2806
2808 2809
2809 2808
2810 2811
2811 2810
2812 2813
2813 2812
2814 2815
2815 2814
2816 2817
2817 2816
2818 2819
2819 2818
2820 2821
2821 2820
2822 2823
2823 2822
2824 2825
2825 2824
2826 2827
2827 2826
2828 2829
2829 2828
2830 2831
2831 2830
2832 2833
2833 2832
2834 2835
2835 2834
2836 2837
2837 2836
2838 2839
2839 2838
2840 2841
2841 2840
2842 2843
2843 2842
2844 2845
2845 2844
2846 2847
2847 2846
2848 2849
2849 2848
2850 2851
2851 2850
2852 2853
2853 2852
2854 2855
2855 2854
2856 2857
2857 2856
2858 2859
2859 2858
2860 2861
2861 2860
2862 2863
2863 2862
2864 2865
2865 2864
2866 2867
2867 2866
2868 2869
2869 2868
2870 2871
2871 2870
2872 2873
2873 2872
2874 2875
2875 2874
2876 2877
2877 2876
2878 2879
2879 2878
2880 2881
2881 2880
2882 2883
2883 2882
2884 2885
2885 2884
2886 2887
2887 2886
2888 2889
2889 2888
2890 2891
2891 2890
2892 2893
2893 2892
2894 2895
2895 2894
2896 2897
2897 2896
2898 2899
2899 2898
2900 2901
2901 2900
2902 2903
2903 2902
2904 2905
2905 2904
2906 2907
2907 2906
2908 2909
2909 2908
2910 2911
2911 2910
2912 2913
2913 2912
2914 2915
2915 2914
2916 2917
2917 2916
2918 2919
2919 2918
2920 2921
2921 2920
2922 2923
2923 2922
2924 2925
2925 2924
2926 2927
2927 2926
2928 2929
2929 2928
2930 2931
2931 2930
2932 2933
2933 2932
2934 2935
2935 2934
2936 2937
2937 2936
2938 2939
2939 2938
2940 2941
2941 2940
2942 2943
2943 2942
2944 2945
2945 2944
2946 2947
2947 2946
2948 2949
2949 2948
2950 2951
2951 2950
2952 2953
2953 2952
2954 2955
2955 2954
2956 2957
2957 2956
2958 2959
2959 2958
2960 2961
2961 2960
2962 2963
2963 2962
2964 2965
2965 2964
2966 2967
2967 2966
2968 2969
2969 2968
2970 2971
2971 2970
2972 2973
2973 2972
2974 2975
2975 2974
2976 2977
2977 2976
2978 2979
2979 2978
2980 2981
2981 2980
2982 2983
2983 2982
2984 2985
2985 2984
2986 2987
2987 2986
2988 2989
2989 2988
2990 2991
2991 2990
2992 2993
2993 2992
2994 2995
2995 2994
2996 2997
2997 2996
2998 2999
2999 2998
3000 3001
3001 3000
3002 3003
3003 3002
3004 3005
3005 3004
3006 3007
3007 3006
3008 3009
3009 3008
3010 3011
3011 3010
3012 3013
3013 3012
3014 3015
3015 3014
3016 3017
3017 3016
3018 3019
3019 3018
3020 3021
3021 3020
3022 3023
3023 3022
3024 3025
3025 3024
3026 3027
3027 3026
3028 3029
3029 3028
3030 3031
3031 3030
3032 3033
3033 3032
3034 3035
3035 3034
3036 3037
3037 3036
3038 3039
3039 3038
3040 3041
3041 3040
3042 3043
3043 3042
3044 3045
3045 3044
3046 3047
3047 3046
3048 3049
3049 3048
3050 3051
3051 3050
3052 3053
3053 3052
3054 3055
3055 3054
3056 3057
3057 3056
3058 3059
3059 3058
3060 3061
3061 3060
3062 3063
3063 3062
3064 3065
3065 3064
3066 3067
3067 3066
3068 3069
3069 3068
3070 3071
3071 3070
3072 3073
3073 3072
3074 3075
3075 3074
3076 3077
3077 3076
3078 3079
3079 3078
3080 3081
3081 3080
3082 3083
3083 3082
3084 3085
3085 3084
3086 3087
3087 3086
3088 3089
3089 3088
3090 3091
3091 3090
3092 3093
3093 3092
3094 3095
3095 3094
3096 3097
3097 3096
3098 3099
3099 3098
3100 3101
3101 3100
3102 3103
3103 3102
3104 3105
3105 3104
3106 3107
3107 3106
3108 3109
3109 3108
3110 3111
3111 3110
3112 3113
3113 3112
3114 3115
3115 3114
3116 3117
3117 3116
3118 3119
3119 3118
3120 3121
3121 3120
3122 3123
3123 3122
3124 3125
3125 3124
3126 3127
3127 3126
3128 3129
3129 3128
3130 3131
3131 3130
3132 3133
3133 3132
3134 3135
3135 3134
3136 3137
3137 3136
3138 3139
3139 3138
3140 3141
3141 3140
3142 3143
3143 3142
3144 3145
3145 3144
3146 3147
3147 3146
3148 3149
3149 3148
3150 3151
3151 3150
3152 3153
3153 3152
3154 3155
3155 3154
3156 3157
3157 3156
3158 3159
3159 3158
3160 3161
3161 3160
3162 3163
3163 3162
3164 3165
3165 3164
3166 3167
3167 3166
3168 3169
3169 3168
3170 3171
3171 3170
3172 3173
3173 3172
3174 3175
3175 3174
3176 3177
3177 3176
3178 3179
3179 3178
3180 3181
3181 3180
3182 3183
3183 3182
3184 3185
3185 3184
3186 3187
3187 3186
3188 3189
3189 3188
3190 3191
3191 3190
3192 3193
3193 3192
3194 3195
3195 3194
3196 3197
3197 3196
3198 3199
3199 3198
3200 3201
3201 3200
3202 3203
3203 3202
3204 3205
3205 3204
3206 3207
3207 3206
3208 3209
3209 3208
3210 3211
3211 3210
3212 3213
3213 3212
3214 3215
3215 3214
3216 3217
3217 3216
3218 3219
3219 3218
3220 3221
3221 3220
3222 3223
3223 3222
3224 3225
3225 3224
3226 3227
3227 3226
3228 3229
3229 3228
3230 3231
3231 3230
3232 3233
3233 3232
3234 3235
3235 3234
3236 3237
3237 3236
3238 3239
3239 3238
3240 3241
3241 3240
3242 3243
3243 3242
3244 3245
3245 3244
3246 3247
3247 3246
3248 3249
3249 3248
3250 3251
3251 3250
3252 3253
3253 3252
3254 3255
3255 3254
3256 3257
3257 3256
3258 3259
3259 3258
3260 3261
3261 3260
3262 3263
3263 3262
3264 3265
3265 3264
3266 3267
3267 3266
3268 3269
3269 3268
3270 3271
3271 3270
3272 3273
3273 3272
3274 3275
3275 3274
3276 3277
3277 3276
3278 3279
3279 3278
3280 3281
3281 3280
3282 3283
3283 3282
3284 3285
3285 3284
3286 3287
3287 3286
3288 3289
3289 3288
3290 3291
3291 3290
3292 3293
3293 3292
3294 3295
3295 3294
3296 3297
3297 3296
3298 3299
3299 3298
3300 3301
3301 3300
3302 3303
3303 3302
3304 3305
3305 3304
3306 3307
3307 3306
3308 3309
3309 3308
3310 3311
3311 3310
3312 3313
3313 3312
3314 3315
3315 3314
3316 3317
3317 3316
3318 3319
3319 3318
3320 3321
3321 3320
3322 3323
3323 3322
3324 3325
3325 3324
3326 3327
3327 3326
3328 3329
3329 3328
3330 3331
3331 3330
3332 3333
3333 3332
3334 3335
3335 3334
3336 3337
3337 3336
3338 3339
3339 3338
3340 3341
3341 3340
3342 3343
3343 3342
3344 3345
3345 3344
3346 3347
3347 3346
3348 3349
3349 3348
3350 3351
3351 3350
3352 3353
3353 3352
3354 3355
3355 3354
3356 3357
3357 3356
3358 3359
3359 3358
3360 3361
3361 3360
3362 3363
3363 3362
3364 3365
3365 3364
3366 3367
3367 3366
3368 3369
3369 3368
3370 3371
3371 3370
3372 3373
3373 3372
3374 3375
3375 3374
3376 3377
3377 3376
3378 3379
3379 3378
3380 3381
3381 3380
3382 3383
3383 3382
3384 3385
3385 3384
3386 3387
3387 3386
3388 3389
3389 3388
3390 3391
3391 3390
3392 3393
3393 3392
3394 3395
3395 3394
3396 3397
3397 3396
3398 3399
3399 3398
3400 3401
3401 3400
3402 3403
3403 3402
3404 3405
3405 3404
3406 3407
3407 3406
3408 3409
3409 3408
3410 3411
3411 3410
3412 3413
3413 3412
3414 3415
3415 3414
3416 3417
3417 3416
3418 3419
3419 3418
3420 3421
3421 3420
3422 3423
3423 3422
3424 3425
3425 3424
3426 3427
3427 3426
3428 3429
3429 3428
3430 3431
3431 3430
3432 3433
3433 3432
3434 3435
3435 3434
3436 3437
3437 3436
3438 3439
3439 3438
3440 3441
3441 3440
3442 3443
3443 3442
3444 3445
3445 3444
3446 3447
3447 3446
3448 3449
3449 3448
3450 3451
3451 3450
3452 3453
3453 3452
3454 3455
3455 3454
3456 3457
3457 3456
3458 3459
3459 3458
3460 3461
3461 3460
3462 3463
3463 3462
3464 3465
3465 3464
3466 3467
3467 3466
3468 3469
3469 3468
3470 3471
3471 3470
3472 3473
3473 3472
3474 3475
3475 3474
3476 3477
3477 3476
3478 3479
3479 3478
3480 3481
3481 3480
3482 3483
3483 3482
3484 3485
3485 3484
3486 3487
3487 3486
3488 3489
3489 3488
3490 3491
3491 3490
3492 3493
3493 3492
3494 3495
3495 3494
3496 3497
3497 3496
3498 3499
3499 3498
3500 3501
3501 3500
3502 3503
3503 3502
3504 3505
3505 3504
3506 3507
3507 3506
3508 3509
3509 3508
3510 3511
3511 3510
3512 3513
3513 3512
3514 3515
3515 3514
3516 3517
3517 3516
3518 3519
3519 3518
3520 3521
3521 3520
3522 3523
3523 3522
3524 3525
3525 3524
3526 3527
3527 3526
3528 3529
3529 3528
3530 3531
3531 3530
3532 3533
3533 3532
3534 3535
3535 3534
3536 3537
3537 3536
3538 3539
3539 3538
3540 3541
3541 3540
3542 3543
3543 3542
3544 3545
3545 3544
3546 3547
3547 3546
3548 3549
3549 3548
3550 3551
3551 3550
3552 3553
3553 3552
3554 3555
3555 3554
3556 3557
3557 3556
3558 3559
3559 3558
3560 3561
3561 3560
3562 3563
3563 3562
3564 3565
3565 3564
3566 3567
3567 3566
3568 3569
3569 3568
3570 3571
3571 3570
3572 3573
3573 3572
3574 3575
3575 3574
3576 3577
3577 3576
3578 3579
3579 3578
3580 3581
3581 3580
3582 3583
3583 3582
3584 3585
3585 3584
3586 3587
3587 3586
3588 3589
3589 3588
3590 3591
3591 3590
3592 3593
3593 3592
3594 3595
3595 3594
3596 3597
3597 3596
3598 3599
3599 3598
3600 3601
3601 3600
3602 3603
3603 3602
3604 3605
3605 3604
3606 3607
3607 3606
3608 3609
3609 3608
3610 3611
3611 3610
3612 3613
3613 3612
3614 3615
3615 3614
3616 3617
3617 3616
3618 3619
3619 3618
3620 3621
3621 3620
3622 3623
3623 3622
3624 3625
3625 3624
3626 3627
3627 3626
3628 3629
3629 3628
3630 3631
3631 3630
3632 3633
3633 3632
3634 3635
3635 3634
3636 3637
3637 3636
3638 3639
3639 3638
3640 3641
3641 3640
3642 3643
3643 3642
3644 3645
3645 3644
3646 3647
3647 3646
3648 3649
3649 3648
3650 3651
3651 3650
3652 3653
3653 3652
3654 3655
3655 3654
3656 3657
3657 3656
3658 3659
3659 3658
3660 3661
3661 3660
3662 3663
3663 3662
3664 3665
3665 3664
3666 3667
3667 3666
3668 3669
3669 3668
3670 3671
3671 3670
3672 3673
3673 3672
3674 3675
3675 3674
3676 3677
3677 3676
3678 3679
3679 3678
3680 3681
3681 3680
3682 3683
3683 3682
3684 3685
3685 3684
3686 3687
3687 3686
3688 3689
3689 3688
3690 3691
3691 3690
3692 3693
3693 3692
3694 3695
3695 3694
3696 3697
3697 3696
3698 3699
3699 3698
3700 3701
3701 3700
3702 3703
3703 3702
3704 3705
3705 3704
3706 3707
3707 3706
3708 3709
3709 3708
3710 3711
3711 3710
3712 3713
3713 3712
3714 3715
3715 3714
3716 3717
3717 3716
3718 3719
3719 3718
3720 3721
3721 3720
3722 3723
3723 3722
3724 3725
3725 3724
3726 3727
3727 3726
3728 3729
3729 3728
3730 3731
3731 3730
3732 3733
3733 3732
3734 3735
3735 3734
3736 3737
3737 3736
3738 3739
3739 3738
3740 3741
3741 3740
3742 3743
3743 3742
3744 3745
3745 3744
3746 3747
3747 3746
3748 3749
3749 3748
3750 3751
3751 3750
3752 3753
3753 3752
3754 3755
3755 3754
3756 3757
3757 3756
3758 3759
3759 3758
3760 3761
3761 3760
3762 3763
3763 3762
3764 3765
3765 3764
3766 3767
3767 3766
3768 3769
3769 3768
3770 3771
3771 3770
3772 3773
3773 3772
3774 3775
3775 3774
3776 3777
3777 3776
3778 3779
3779 3778
3780 3781
3781 3780
3782 3783
3783 3782
3784 3785
3785 3784
3786 3787
3787 3786
3788 3789
3789 3788
3790 3791
3791 3790
3792 3793
3793 3792
3794 3795
3795 3794
3796 3797
3797 3796
3798 3799
3799 3798
3800 3801
3801 3800
3802 3803
3803 3802
3804 3805
3805 3804
3806 3807
3807 3806
3808 3809
3809 3808
3810 3811
3811 3810
3812 3813
3813 3812
3814 3815
3815 3814
3816 3817
3817 3816
3818 3819
3819 3818
3820 3821
3821 3820
3822 3823
3823 3822
3824 3825
3825 3824
3826 3827
3827 3826
3828 3829
3829 3828
3830 3831
3831 3830
3832 3833
3833 3832
3834 3835
3835 3834
3836 3837
3837 3836
3838 3839
3839 3838
3840 3841
3841 3840
3842 3843
3843 3842
3844 3845
3845 3844
3846 3847
3847 3846
3848 3849
3849 3848
3850 3851
3851 3850
3852 3853
3853 3852
3854 3855
3855 3854
3856 3857
3857 3856
3858 3859
3859 3858
3860 3861
3861 3860
3862 3863
3863 3862
3864 3865
3865 3864
3866 3867
3867 3866
3868 3869
3869 3868
3870 3871
3871 3870
3872 3873
3873 3872
3874 3875
3875 3874
3876 3877
3877 3876
3878 3879
3879 3878
3880 3881
3881 3880
3882 3883
3883 3882
3884 3885
3885 3884
3886 3887
3887 3886
3888 3889
3889 3888
3890 3891
3891 3890
3892 3893
3893 3892
3894 3895
3895 3894
3896 3897
3897 3896
3898 3899
3899 3898
3900 3901
3901 3900
3902 3903
3903 3902
3904 3905
3905 3904
3906 3907
3907 3906
3908 3909
3909 3908
3910 3911
3911 3910
3912 3913
3913 3912
3914 3915
3915 3914
3916 3917
3917 3916
3918 3919
3919 3918
3920 3921
3921 3920
3922 3923
3923 3922
3924 3925
3925 3924
3926 3927
3927 3926
3928 3929
3929 3928
3930 3931
3931 3930
3932 3933
3933 3932
3934 3935
3935 3934
3936 3937
3937 3936
3938 3939
3939 3938
3940 3941
3941 3940
3942 3943
3943 3942
3944 3945
3945 3944
3946 3947
3947 3946
3948 3949
3949 3948
3950 3951
3951 3950
3952 3953
3953 3952
3954 3955
3955 3954
3956 3957
3957 3956
3958 3959
3959 3958
3960 3961
3961 3960
3962 3963
3963 3962
3964 3965
3965 3964
3966 3967
3967 3966
3968 3969
3969 3968
3970 3971
3971 3970
3972 3973
3973 3972
3974 3975
3975 3974
3976 3977
3977 3976
3978 3979
3979 3978
3980 3981
3981 3980
3982 3983
3983 3982
3984 3985
3985 3984
3986 3987
3987 3986
3988 3989
3989 3988
3990 3991
3991 3990
3992 3993
3993 3992
3994 3995
3995 3994
3996 3997
3997 3996
3998 3999
3999 3998
4000 4001
4001 4000
4002 4003
4003 4002
4004 4005
4005 4004
4006 4007
4007 4006
4008 4009
4009 4008
4010 4011
4011 4010
4012 4013
4013 4012
4014 4015
4015 4014
4016 4017
4017 4016
4018 4019
4019 4018
4020 4021
4021 4020
4022 4023
4023 4022
4024 4025
4025 4024
4026 4027
4027 4026
4028 4029
4029 4028
4030 4031
4031 4030
4032 4033
4033 4032
4034 4035
4035 4034
4036 4037
4037 4036
4038 4039
4039 4038
4040 4041
4041 4040
4042 4043
4043 4042
4044 4045
4045 4044
4046 4047
4047 4046
4048 4049
4049 4048
4050 4051
4051 4050
4052 4053
4053 4052
4054 4055
4055 4054
4056 4057
4057 4056
4058 4059
4059 4058
4060 4061
4061 4060
4062 4063
4063 4062
4064 4065
4065 4064
4066 4067
4067 4066
4068 4069
4069 4068
4070 4071
4071 4070
4072 4073
4073 4072
4074 4075
4075 4074
4076 4077
4077 4076
4078 4079
4079 4078
4080 4081
4081 4080
4082 4083
4083 4082
4084 4085
4085 4084
4086 4087
4087 4086
4088 4089
4089 4088
4090 4091
4091 4090
4092 4093
4093 4092
4094 4095
4095 4094
4096 4097
4097 4096
4098 4099
4099 4098
4100 4101
4101 4100
4102 4103
4103 4102
4104 4105
4105 4104
4106 4107
4107 4106
4108 4109
4109 4108
4110 4111
4111 4110
4112 4113
4113 4112
4114 4115
4115 4114
4116 4117
4117 4116
4118 4119
4119 4118
4120 4121
4121 4120
4122 4123
4123 4122
4124 4125
4125 4124
4126 4127
4127 4126
4128 4129
4129 4128
4130 4131
4131 4130
4132 4133
4133 4132
4134 4135
4135 4134
4136 4137
4137 4136
4138 4139
4139 4138
4140 4141
4141 4140
4142 4143
4143 4142
4144 4145
4145 4144
4146 4147
4147 4146
4148 4149
4149 4148
4150 4151
4151 4150
4152 4153
4153 4152
4154 4155
4155 4154
4156 4157
4157 4156
4158 4159
4159 4158
4160 4161
4161 4160
4162 4163
4163 4162
4164 4165
4165 4164
4166 4167
4167 4166
4168 4169
4169 4168
4170 4171
4171 4170
4172 4173
4173 4172
4174 4175
4175 4174
4176 4177
4177 4176
4178 4179
4179 4178
4180 4181
4181 4180
4182 4183
4183 4182
4184 4185
4185 4184
4186 4187
4187 4186
4188 4189
4189 4188
4190 4191
4191 4190
4192 4193
4193 4192
4194 4195
4195 4194
4196 4197
4197 4196
4198 4199
4199 4198
4200 4201
4201 4200
4202 4203
4203 4202
4204 4205
4205 4204
4206 4207
4207 4206
4208 4209
4209 4208
4210 4211
4211 4210
4212 4213
4213 4212
4214 4215
4215 4214
4216 4217
4217 4216
4218 4219
4219 4218
4220 4221
4221 4220
4222 4223
4223 4222
4224 4225
4225 4224
4226 4227
4227 4226
4228 4229
4229 4228
4230 4231
4231 4230
4232 4233
4233 4232
4234 4235
4235 4234
4236 4237
4237 4236
4238 4239
4239 4238
4240 4241
4241 4240
4242 4243
4243 4242
4244 4245
4245 4244
4246 4247
4247 4246
4248 4249
4249 4248
4250 4251
4251 4250
4252 4253
4253 4252
4254 4255
4255 4254
4256 4257
4257 4256
4258 4259
4259 4258
4260 4261
4261 4260
4262 4263
4263 4262
4264 4265
4265 4264
4266 4267
4267 4266
4268 4269
4269 4268
4270 4271
4271 4270
4272 4273
4273 4272
4274 4275
4275 4274
4276 4277
4277 4276
4278 4279
4279 4278
4280 4281
4281 4280
4282 4283
4283 4282
4284 4285
4285 4284
4286 4287
4287 4286
4288 4289
4289 4288
4290 4291
4291 4290
4292 4293
4293 4292
4294 4295
4295 4294
4296 4297
4297 4296
4298 4299
4299 4298
4300 4301
4301 4300
4302 4303
4303 4302
4304 4305
4305 4304
4306 4307
4307 4306
4308 4309
4309 4308
4310 4311
4311 4310
4312 4313
4313 4312
4314 4315
4315 4314
4316 4317
4317 4316
4318 4319
4319 4318
4320 4321
4321 4320
4322 4323
4323 4322
4324 4325
4325 4324
4326 4327
4327 4326
4328 4329
4329 4328
4330 4331
4331 4330
4332 4333
4333 4332
4334 4335
4335 4334
4336 4337
4337 4336
4338 4339
4339 4338
4340 4341
4341 4340
4342 4343
4343 4342
4344 4345
4345 4344
4346 4347
4347 4346
4348 4349
4349 4348
4350 4351
4351 4350
4352 4353
4353 4352
4354 4355
4355 4354
4356 4357
4357 4356
4358 4359
4359 4358
4360 4361
4361 4360
4362 4363
4363 4362
4364 4365
4365 4364
4366 4367
4367 4366
4368 4369
4369 4368
4370 4371
4371 4370
4372 4373
4373 4372
4374 4375
4375 4374
4376 4377
4377 4376
4378 4379
4379 4378
4380 4381
4381 4380
4382 4383
4383 4382
4384 4385
4385 4384
4386 4387
4387 4386
4388 4389
4389 4388
4390 4391
4391 4390
4392 4393
4393 4392
4394 4395
4395 4394
4396 4397
4397 4396
4398 4399
4399 4398
4400 4401
4401 4400
4402 4403
4403 4402
4404 4405
4405 4404
4406 4407
4407 4406
4408 4409
4409 4408
4410 4411
4411 4410
4412 4413
4413 4412
4414 4415
4415 4414
4416 4417
4417 4416
4418 4419
4419 4418
4420 4421
4421 4420
4422 4423
4423 4422
4424 4425
4425 4424
4426 4427
4427 4426
4428 4429
4429 4428
4430 4431
4431 4430
4432 4433
4433 4432
4434 4435
4435 4434
4436 4437
4437 4436
4438 4439
4439 4438
4440 4441
4441 4440
4442 4443
4443 4442
4444 4445
4445 4444
4446 4447
4447 4446
4448 4449
4449 4448
4450 4451
4451 4450
4452 4453
4453 4452
4454 4455
4455 4454
4456 4457
4457 4456
4458 4459
4459 4458
4460 4461
4461 4460
4462 4463
4463 4462
4464 4465
4465 4464
4466 4467
4467 4466
4468 4469
4469 4468
4470 4471
4471 4470
4472 4473
4473 4472
4474 4475
4475 4474
4476 4477
4477 4476
4478 4479
4479 4478
4480 4481
4481 4480
4482 4483
4483 4482
4484 4485
4485 4484
4486 4487
4487 4486
4488 4489
4489 4488
4490 4491
4491 4490
4492 4493
4493 4492
4494 4495
4495 4494
4496 4497
4497 4496
4498 4499
4499 4498
4500 4501
4501 4500
4502 4503
4503 4502
4504 4505
4505 4504
4506 4507
4507 4506
4508 4509
4509 4508
4510 4511
4511 4510
4512 4513
4513 4512
4514 4515
4515 4514
4516 4517
4517 4516
4518 4519
4519 4518
4520 4521
4521 4520
4522 4523
4523 4522
4524 4525
4525 4524
4526 4527
4527 4526
4528 4529
4529 4528
4530 4531
4531 4530
4532 4533
4533 4532
4534 4535
4535 4534
4536 4537
4537 4536
4538 4539
4539 4538
4540 4541
4541 4540
4542 4543
4543 4542
4544 4545
4545 4544
4546 4547
4547 4546
4548 4549
4549 4548
4550 4551
4551 4550
4552 4553
4553 4552
4554 4555
4555 4554
4556 4557
4557 4556
4558 4559
4559 4558
4560 4561
4561 4560
4562 4563
4563 4562
4564 4565
4565 4564
4566 4567
4567 4566
4568 4569
4569 4568
4570 4571
4571 4570
4572 4573
4573 4572
4574 4575
4575 4574
4576 4577
4577 4576
4578 4579
4579 4578
4580 4581
4581 4580
4582 4583
4583 4582
4584 4585
4585 4584
4586 4587
4587 4586
4588 4589
4589 4588
4590 4591
4591 4590
4592 4593
4593 4592
4594 4595
4595 4594
4596 4597
4597 4596
4598 4599
4599 4598
4600 4601
4601 4600
4602 4603
4603 4602
4604 4605
4605 4604
4606 4607
4607 4606
4608 4609
4609 4608
4610 4611
4611 4610
4612 4613
4613 4612
4614 4615
4615 4614
4616 4617
4617 4616
4618 4619
4619 4618
4620 4621
4621 4620
4622 4623
4623 4622
4624 4625
4625 4624
4626 4627
4627 4626
4628 4629
4629 4628
4630 4631
4631 4630
4632 4633
4633 4632
4634 4635
4635 4634
4636 4637
4637 4636
4638 4639
4639 4638
4640 4641
4641 4640
4642 4643
4643 4642
4644 4645
4645 4644
4646 4647
4647 4646
4648 4649
4649 4648
4650 4651
4651 4650
4652 4653
4653 4652
4654 4655
4655 4654
4656 4657
4657 4656
4658 4659
4659 4658
4660 4661
4661 4660
4662 4663
4663 4662
4664 4665
4665 4664
4666 4667
4667 4666
4668 4669
4669 4668
4670 4671
4671 4670
4672 4673
4673 4672
4674 4675
4675 4674
4676 4677
4677 4676
4678 4679
4679 4678
4680 4681
4681 4680
4682 4683
4683 4682
4684 4685
4685 4684
4686 4687
4687 4686
4688 4689
4689 4688
4690 4691
4691 4690
4692 4693
4693 4692
4694 4695
4695 4694
4696 4697
4697 4696
4698 4699
4699 4698
4700 4701
4701 4700
4702 4703
4703 4702
4704 4705
4705 4704
4706 4707
4707 4706
4708 4709
4709 4708
4710 4711
4711 4710
4712 4713
4713 4712
4714 4715
4715 4714
4716 4717
4717 4716
4718 4719
4719 4718
4720 4721
4721 4720
4722 4723
4723 4722
4724 4725
4725 4724
4726 4727
4727 4726
4728 4729
4729 4728
4730 4731
4731 4730
4732 4733
4733 4732
4734 4735
4735 4734
4736 4737
4737 4736
4738 4739
4739 4738
4740 4741
4741 4740
4742 4743
4743 4742
4744 4745
4745 4744
4746 4747
4747 4746
4748 4749
4749 4748
4750 4751
4751 4750
4752 4753
4753 4752
4754 4755
4755 4754
4756 4757
4757 4756
4758 4759
4759 4758
4760 4761
4761 4760
4762 4763
4763 4762
4764 4765
4765 4764
4766 4767
4767 4766
4768 4769
4769 4768
4770 4771
4771 4770
4772 4773
4773 4772
4774 4775
4775 4774
4776 4777
4777 4776
4778 4779
4779 4778
4780 4781
4781 4780
4782 4783
4783 4782
4784 4785
4785 4784
4786 4787
4787 4786
4788 4789
4789 4788
4790 4791
4791 4790
4792 4793
4793 4792
4794 4795
4795 4794
4796 4797
4797 4796
4798 4799
4799 4798
4800 4801
4801 4800
4802 4803
4803 4802
4804 4805
4805 4804
4806 4807
4807 4806
4808 4809
4809 4808
4810 4811
4811 4810
4812 4813
4813 4812
4814 4815
4815 4814
4816 4817
4817 4816
4818 4819
4819 4818
4820 4821
4821 4820
4822 4823
4823 4822
4824 4825
4825 4824
4826 4827
4827 4826
4828 4829
4829 4828
4830 4831
4831 4830
4832 4833
4833 4832
4834 4835
4835 4834
4836 4837
4837 4836
4838 4839
4839 4838
4840 4841
4841 4840
4842 4843
4843 4842
4844 4845
4845 4844
4846 4847
4847 4846
4848 4849
4849 4848
4850 4851
4851 4850
4852 4853
4853 4852
4854 4855
4855 4854
4856 4857
4857 4856
4858 4859
4859 4858
4860 4861
4861 4860
4862 4863
4863 4862
4864 4865
4865 4864
4866 4867
4867 4866
4868 4869
4869 4868
4870 4871
4871 4870
4872 4873
4873 4872
4874 4875
4875 4874
4876 4877
4877 4876
4878 4879
4879 4878
4880 4881
4881 4880
4882 4883
4883 4882
4884 4885
4885 4884
4886 4887
4887 4886
4888 4889
4889 4888
4890 4891
4891 4890
4892 4893
4893 4892
4894 4895
4895 4894
4896 4897
4897 4896
4898 4899
4899 4898
4900 4901
4901 4900
4902 4903
4903 4902
4904 4905
4905 4904
4906 4907
4907 4906
4908 4909
4909 4908
4910 4911
4911 4910
4912 4913
4913 4912
4914 4915
4915 4914
4916 4917
4917 4916
4918 4919
4919 4918
4920 4921
4921 4920
4922 4923
4923 4922
4924 4925
4925 4924
4926 4927
4927 4926
4928 4929
4929 4928
4930 4931
4931 4930
4932 4933
4933 4932
4934 4935
4935 4934
4936 4937
4937 4936
4938 4939
4939 4938
4940 4941
4941 4940
4942 4943
4943 4942
4944 4945
4945 4944
4946 4947
4947 4946
4948 4949
4949 4948
4950 4951
4951 4950
4952 4953
4953 4952
4954 4955
4955 4954
4956 4957
4957 4956
4958 4959
4959 4958
4960 4961
4961 4960
4962 4963
4963 4962
4964 4965
4965 4964
4966 4967
4967 4966
4968 4969
4969 4968
4970 4971
4971 4970
4972 4973
4973 4972
4974 4975
4975 4974
4976 4977
4977 4976
4978 4979
4979 4978
4980 4981
4981 4980
4982 4983
4983 4982
4984 4985
4985 4984
4986 4987
4987 4986
4988 4989
4989 4988
4990 4991
4991 4990
4992 4993
4993 4992
4994 4995
4995 4994
4996 4997
4997 4996
4998 4999
4999 4998
5000 5001
5001 5000
5002 5003
5003 5002
5004 5005
5005 5004
5006 5007
5007 5006
5008 5009
5009 5008
5010 5011
5011 5010
5012 5013
5013 5012
5014 5015
5015 5014
5016 5017
5017 5016
5018 5019
5019 5018
5020 5021
5021 5020
5022 5023
5023 5022
5024 5025
5025 5024
5026 5027
5027 5026
5028 5029
5029 5028
5030 5031
5031 5030
5032 5033
5033 5032
5034 5035
5035 5034
5036 5037
5037 5036
5038 5039
5039 5038
5040 5041
5041 5040
5042 5043
5043 5042
5044 5045
5045 5044
5046 5047
5047 5046
5048 5049
5049 5048
5050 5051
5051 5050
5052 5053
5053 5052
5054 5055
5055 5054
5056 5057
5057 5056
5058 5059
5059 5058
5060 5061
5061 5060
5062 5063
5063 5062
5064 5065
5065 5064
5066 5067
5067 5066
5068 5069
5069 5068
5070 5071
5071 5070
5072 5073
5073 5072
5074 5075
5075 5074
5076 5077
5077 5076
5078 5079
5079 5078
5080 5081
5081 5080
5082 5083
5083 5082
5084 5085
5085 5084
5086 5087
5087 5086
5088 5089
5089 5088
5090 5091
5091 5090
5092 5093
5093 5092
5094 5095
5095 5094
5096 5097
5097 5096
5098 5099
5099 5098
5100 5101
5101 5100
5102 5103
5103 5102
5104 5105
5105 5104
5106 5107
5107 5106
5108 5109
5109 5108
5110 5111
5111 5110
5112 5113
5113 5112
5114 5115
5115 5114
5116 5117
5117 5116
5118 5119
5119 5118
5120 5121
5121 5120
5122 5123
5123 5122
5124 5125
5125 5124
5126 5127
5127 5126
5128 5129
5129 5128
5130 5131
5131 5130
5132 5133
5133 5132
5134 5135
5135 5134
5136 5137
5137 5136
5138 5139
5139 5138
5140 5141
5141 5140
5142 5143
5143 5142
5144 5145
5145 5144
5146 5147
5147 5146
5148 5149
5149 5148
5150 5151
5151 5150
5152 5153
5153 5152
5154 5155
5155 5154
5156 5157
5157 5156
5158 5159
5159 5158
5160 5161
5161 5160
5162 5163
5163 5162
5164 5165
5165 5164
5166 5167
5167 5166
5168 5169
5169 5168
5170 5171
5171 5170
5172 5173
5173 5172
5174 5175
5175 5174
5176 5177
5177 5176
5178 5179
5179 5178
5180 5181
5181 5180
5182 5183
5183 5182
5184 5185
5185 5184
5186 5187
5187 5186
5188 5189
5189 5188
5190 5191
5191 5190
5192 5193
5193 5192
5194 5195
5195 5194
5196 5197
5197 5196
5198 5199
5199 5198
5200 5201
5201 5200
5202 5203
5203 5202
5204 5205
5205 5204
5206 5207
5207 5206
5208 5209
5209 5208
5210 5211
5211 5210
5212 5213
5213 5212
5214 5215
5215 5214
5216 5217
5217 5216
5218 5219
5219 5218
5220 5221
5221 5220
5222 5223
5223 5222
5224 5225
5225 5224
5226 5227
5227 5226
5228 5229
5229 5228
5230 5231
5231 5230
5232 5233
5233 5232
5234 5235
5235 5234
5236 5237
5237 5236
5238 5239
5239 5238
5240 5241
5241 5240
5242 5243
5243 5242
5244 5245
5245 5244
5246 5247
5247 5246
5248 5249
5249 5248
5250 5251
5251 5250
5252 5253
5253 5252
5254 5255
5255 5254
5256 5257
5257 5256
5258 5259
5259 5258
5260 5261
5261 5260
5262 5263
5263 5262
5264 5265
5265 5264
5266 5267
5267 5266
5268 5269
5269 5268
5270 5271
5271 5270
5272 5273
5273 5272
5274 5275
5275 5274
5276 5277
5277 5276
5278 5279
5279 5278
5280 5281
5281 5280
5282 5283
5283 5282
5284 5285
5285 5284
5286 5287
5287 5286
5288 5289
5289 5288
5290 5291
5291 5290
5292 5293
5293 5292
5294 5295
5295 5294
5296 5297
5297 5296
5298 5299
5299 5298
5300 5301
5301 5300
5302 5303
5303 5302
5304 5305
5305 5304
5306 5307
5307 5306
5308 5309
5309 5308
5310 5311
5311 5310
5312 5313
5313 5312
5314 5315
5315 5314
5316 5317
5317 5316
5318 5319
5319 5318
5320 5321
5321 5320
5322 5323
5323 5322
5324 5325
5325 5324
5326 5327
5327 5326
5328 5329
5329 5328
5330 5331
5331 5330
5332 5333
5333 5332
5334 5335
5335 5334
5336 5337
5337 5336
5338 5339
5339 5338
5340 5341
5341 5340
5342 5343
5343 5342
5344 5345
5345 5344
5346 5347
5347 5346
5348 5349
5349 5348
5350 5351
5351 5350
5352 5353
5353 5352
5354 5355
5355 5354
5356 5357
5357 5356
5358 5359
5359 5358
5360 5361
5361 5360
5362 5363
5363 5362
5364 5365
5365 5364
5366 5367
5367 5366
5368 5369
5369 5368
5370 5371
5371 5370
5372 5373
5373 5372
5374 5375
5375 5374
5376 5377
5377 5376
5378 5379
5379 5378
5380 5381
5381 5380
5382 5383
5383 5382
5384 5385
5385 5384
5386 5387
5387 5386
5388 5389
5389 5388
5390 5391
5391 5390
5392 5393
5393 5392
5394 5395
5395 5394
5396 5397
5397 5396
5398 5399
5399 5398
5400 5401
5401 5400
5402 5403
5403 5402
5404 5405
5405 5404
5406 5407
5407 5406
5408 5409
5409 5408
5410 5411
5411 5410
5412 5413
5413 5412
5414 5415
5415 5414
5416 5417
5417 5416
5418 5419
5419 5418
5420 5421
5421 5420
5422 5423
5423 5422
5424 5425
5425 5424
5426 5427
5427 5426
5428 5429
5429 5428
5430 5431
5431 5430
5432 5433
5433 5432
5434 5435
5435 5434
5436 5437
5437 5436
5438 5439
5439 5438
5440 5441
5441 5440
5442 5443
5443 5442
5444 5445
5445 5444
5446 5447
5447 5446
5448 5449
5449 5448
5450 5451
5451 5450
5452 5453
5453 5452
5454 5455
5455 5454
5456 5457
5457 5456
5458 5459
5459 5458
5460 5461
5461 5460
5462 5463
5463 5462
5464 5465
5465 5464
5466 5467
5467 5466
5468 5469
5469 5468
5470 5471
5471 5470
5472 5473
5473 5472
5474 5475
5475 5474
5476 5477
5477 5476
5478 5479
5479 5478
5480 5481
5481 5480
5482 5483
5483 5482
5484 5485
5485 5484
5486 5487
5487 5486
5488 5489
5489 5488
5490 5491
5491 5490
5492 5493
5493 5492
5494 5495
5495 5494
5496 5497
5497 5496
5498 5499
5499 5498
5500 5501
5501 5500
5502 5503
5503 5502
5504 5505
5505 5504
5506 5507
5507 5506
5508 5509
5509 5508
5510 5511
5511 5510
5512 5513
5513 5512
5514 5515
5515 5514
5516 5517
5517 5516
5518 5519
5519 5518
5520 5521
5521 5520
5522 5523
5523 5522
5524 5525
5525 5524
5526 5527
5527 5526
5528 5529
5529 5528
5530 5531
5531 5530
5532 5533
5533 5532
5534 5535
5535 5534
5536 5537
5537 5536
5538 5539
5539 5538
5540 5541
5541 5540
5542 5543
5543 5542
5544 5545
5545 5544
5546 5547
5547 5546
5548 5549
5549 5548
5550 5551
5551 5550
5552 5553
5553 5552
5554 5555
5555 5554
5556 5557
5557 5556
5558 5559
5559 5558
5560 5561
5561 5560
5562 5563
5563 5562
5564 5565
5565 5564
5566 5567
5567 5566
5568 5569
5569 5568
5570 5571
5571 5570
5572 5573
5573 5572
5574 5575
5575 5574
5576 5577
5577 5576
5578 5579
5579 5578
5580 5581
5581 5580
5582 5583
5583 5582
5584 5585
5585 5584
5586 5587
5587 5586
5588 5589
5589 5588
5590 5591
5591 5590
5592 5593
5593 5592
5594 5595
5595 5594
5596 5597
5597 5596
5598 5599
5599 5598
5600 5601
5601 5600
5602 5603
5603 5602
5604 5605
5605 5604
5606 5607
5607 5606
5608 5609
5609 5608
5610 5611
5611 5610
5612 5613
5613 5612
5614 5615
5615 5614
5616 5617
5617 5616
5618 5619
5619 5618
5620 5621
5621 5620
5622 5623
5623 5622
5624 5625
5625 5624
5626 5627
5627 5626
5628 5629
5629 5628
5630 5631
5631 5630
5632 5633
5633 5632
5634 5635
5635 5634
5636 5637
5637 5636
5638 5639
5639 5638
5640 5641
5641 5640
5642 5643
5643 5642
5644 5645
5645 5644
5646 5647
5647 5646
5648 5649
5649 5648
5650 5651
5651 5650
5652 5653
5653 5652
5654 5655
5655 5654
5656 5657
5657 5656
5658 5659
5659 5658
5660 5661
5661 5660
5662 5663
5663 5662
5664 5665
5665 5664
5666 5667
5667 5666
5668 5669
5669 5668
5670 5671
5671 5670
5672 5673
5673 5672
5674 5675
5675 5674
5676 5677
5677 5676
5678 5679
5679 5678
5680 5681
5681 5680
5682 5683
5683 5682
5684 5685
5685 5684
5686 5687
5687 5686
5688 5689
5689 5688
5690 5691
5691 5690
5692 5693
5693 5692
5694 5695
5695 5694
5696 5697
5697 5696
5698 5699
5699 5698
5700 5701
5701 5700
5702 5703
5703 5702
5704 5705
5705 5704
5706 5707
5707 5706
5708 5709
5709 5708
5710 5711
5711 5710
5712 5713
5713 5712
5714 5715
5715 5714
5716 5717
5717 5716
5718 5719
5719 5718
5720 5721
5721 5720
5722 5723
5723 5722
5724 5725
5725 5724
5726 5727
5727 5726
5728 5729
5729 5728
5730 5731
5731 5730
5732 5733
5733 5732
5734 5735
5735 5734
5736 5737
5737 5736
5738 5739
5739 5738
5740 5741
5741 5740
5742 5743
5743 5742
5744 5745
5745 5744
5746 5747
5747 5746
5748 5749
5749 5748
5750 5751
5751 5750
5752 5753
5753 5752
5754 5755
5755 5754
5756 5757
5757 5756
5758 5759
5759 5758
5760 5761
5761 5760
5762 5763
5763 5762
5764 5765
5765 5764
5766 5767
5767 5766
5768 5769
5769 5768
5770 5771
5771 5770
5772 5773
5773 5772
5774 5775
5775 5774
5776 5777
5777 5776
5778 5779
5779 5778
5780 5781
5781 5780
5782 5783
5783 5782
5784 5785
5785 5784
5786 5787
5787 5786
5788 5789
5789 5788
5790 5791
5791 5790
5792 5793
5793 5792
5794 5795
5795 5794
5796 5797
5797 5796
5798 5799
5799 5798
5800 5801
5801 5800
5802 5803
5803 5802
5804 5805
5805 5804
5806 5807
5807 5806
5808 5809
5809 5808
5810 5811
5811 5810
5812 5813
5813 5812
5814 5815
5815 5814
5816 5817
5817 5816
5818 5819
5819 5818
5820 5821
5821 5820
5822 5823
5823 5822
5824 5825
5825 5824
5826 5827
5827 5826
5828 5829
5829 5828
5830 5831
5831 5830
5832 5833
5833 5832
5834 5835
5835 5834
5836 5837
5837 5836
5838 5839
5839 5838
5840 5841
5841 5840
5842 5843
5843 5842
5844 5845
5845 5844
5846 5847
5847 5846
5848 5849
5849 5848
5850 5851
5851 5850
5852 5853
5853 5852
5854 5855
5855 5854
5856 5857
5857 5856
5858 5859
5859 5858
5860 5861
5861 5860
5862 5863
5863 5862
5864 5865
5865 5864
5866 5867
5867 5866
5868 5869
5869 5868
5870 5871
5871 5870
5872 5873
5873 5872
5874 5875
5875 5874
5876 5877
5877 5876
5878 5879
5879 5878
5880 5881
5881 5880
5882 5883
5883 5882
5884 5885
5885 5884
5886 5887
5887 5886
5888 5889
5889 5888
5890 5891
5891 5890
5892 5893
5893 5892
5894 5895
5895 5894
5896 5897
5897 5896
5898 5899
5899 5898
5900 5901
5901 5900
5902 5903
5903 5902
5904 5905
5905 5904
5906 5907
5907 5906
5908 5909
5909 5908
5910 5911
5911 5910
5912 5913
5913 5912
5914 5915
5915 5914
5916 5917
5917 5916
5918 5919
5919 5918
5920 5921
5921 5920
5922 5923
5923 5922
5924 5925
5925 5924
5926 5927
5927 5926
5928 5929
5929 5928
5930 5931
5931 5930
5932 5933
5933 5932
5934 5935
5935 5934
5936 5937
5937 5936
5938 5939
5939 5938
5940 5941
5941 5940
5942 5943
5943 5942
5944 5945
5945 5944
5946 5947
5947 5946
5948 5949
5949 5948
5950 5951
5951 5950
5952 5953
5953 5952
5954 5955
5955 5954
5956 5957
5957 5956
5958 5959
5959 5958
5960 5961
5961 5960
5962 5963
5963 5962
5964 5965
5965 5964
5966 5967
5967 5966
5968 5969
5969 5968
5970 5971
5971 5970
5972 5973
5973 5972
5974 5975
5975 5974
5976 5977
5977 5976
5978 5979
5979 5978
5980 5981
5981 5980
5982 5983
5983 5982
5984 5985
5985 5984
5986 5987
5987 5986
5988 5989
5989 5988
5990 5991
5991 5990
5992 5993
5993 5992
5994 5995
5995 5994
5996 5997
5997 5996
5998 5999
5999 5998
6000 6001
6001 6000
6002 6003
6003 6002
6004 6005
6005 6004
6006 6007
6007 6006
6008 6009
6009 6008
6010 6011
6011 6010
6012 6013
6013 6012
6014 6015
6015 6014
6016 6017
6017 6016
6018 6019
6019 6018
6020 6021
6021 6020
6022 6023
6023 6022
6024 6025
6025 6024
6026 6027
6027 6026
6028 6029
6029 6028
6030 6031
6031 6030
6032 6033
6033 6032
6034 6035
6035 6034
6036 6037
6037 6036
6038 6039
6039 6038
6040 6041
6041 6040
6042 6043
6043 6042
6044 6045
6045 6044
6046 6047
6047 6046
6048 6049
6049 6048
6050 6051
6051 6050
6052 6053
6053 6052
6054 6055
6055 6054
6056 6057
6057 6056
6058 6059
6059 6058
6060 6061
6061 6060
6062 6063
6063 6062
6064 6065
6065 6064
6066 6067
6067 6066
6068 6069
6069 6068
6070 6071
6071 6070
6072 6073
6073 6072
6074 6075
6075 6074
6076 6077
6077 6076
6078 6079
6079 6078
6080 6081
6081 6080
6082 6083
6083 6082
6084 6085
6085 6084
6086 6087
6087 6086
6088 6089
6089 6088
6090 6091
6091 6090
6092 6093
6093 6092
6094 6095
6095 6094
6096 6097
6097 6096
6098 6099
6099 6098
6100 6101
6101 6100
6102 6103
6103 6102
6104 6105
6105 6104
6106 6107
6107 6106
6108 6109
6109 6108
6110 6111
6111 6110
6112 6113
6113 6112
6114 6115
6115 6114
6116 6117
6117 6116
6118 6119
6119 6118
6120 6121
6121 6120
6122 6123
6123 6122
6124 6125
6125 6124
6126 6127
6127 6126
6128 6129
6129 6128
6130 6131
6131 6130
6132 6133
6133 6132
6134 6135
6135 6134
6136 6137
6137 6136
6138 6139
6139 6138
6140 6141
6141 6140
6142 6143
6143 6142
6144 6145
6145 6144
6146 6147
6147 6146
6148 6149
6149 6148
6150 6151
6151 6150
6152 6153
6153 6152
6154 6155
6155 6154
6156 6157
6157 6156
6158 6159
6159 6158
6160 6161
6161 6160
6162 6163
6163 6162
6164 6165
6165 6164
6166 6167
6167 6166
6168 6169
6169 6168
6170 6171
6171 6170
6172 6173
6173 6172
6174 6175
6175 6174
6176 6177
6177 6176
6178 6179
6179 6178
6180 6181
6181 6180
6182 6183
6183 6182
6184 6185
6185 6184
6186 6187
6187 6186
6188 6189
6189 6188
6190 6191
6191 6190
6192 6193
6193 6192
6194 6195
6195 6194
6196 6197
6197 6196
6198 6199
6199 6198
6200 6201
6201 6200
6202 6203
6203 6202
6204 6205
6205 6204
6206 6207
6207 6206
6208 6209
6209 6208
6210 6211
6211 6210
6212 6213
6213 6212
6214 6215
6215 6214
6216 6217
6217 6216
6218 6219
6219 6218
6220 6221
6221 6220
6222 6223
6223 6222
6224 6225
6225 6224
6226 6227
6227 6226
6228 6229
6229 6228
6230 6231
6231 6230
6232 6233
6233 6232
6234 6235
6235 6234
6236 6237
6237 6236
6238 6239
6239 6238
6240 6241
6241 6240
6242 6243
6243 6242
6244 6245
6245 6244
6246 6247
6247 6246
6248 6249
6249 6248
6250 6251
6251 6250
6252 6253
6253 6252
6254 6255
6255 6254
6256 6257
6257 6256
6258 6259
6259 6258
6260 6261
6261 6260
6262 6263
6263 6262
6264 6265
6265 6264
6266 6267
6267 6266
6268 6269
6269 6268
6270 6271
6271 6270
6272 6273
6273 6272
6274 6275
6275 6274
6276 6277
6277 6276
6278 6279
6279 6278
6280 6281
6281 6280
6282 6283
6283 6282
6284 6285
6285 6284
6286 6287
6287 6286
6288 6289
6289 6288
6290 6291
6291 6290
6292 6293
6293 6292
6294 6295
6295 6294
6296 6297
6297 6296
6298 6299
6299 6298
6300 6301
6301 6300
6302 6303
6303 6302
6304 6305
6305 6304
6306 6307
6307 6306
6308 6309
6309 6308
6310 6311
6311 6310
6312 6313
6313 6312
6314 6315
6315 6314
6316 6317
6317 6316
6318 6319
6319 6318
6320 6321
6321 6320
6322 6323
6323 6322
6324 6325
6325 6324
6326 6327
6327 6326
6328 6329
6329 6328
6330 6331
6331 6330
6332 6333
6333 6332
6334 6335
6335 6334
6336 6337
6337 6336
6338 6339
6339 6338
6340 6341
6341 6340
6342 6343
6343 6342
6344 6345
6345 6344
6346 6347
6347 6346
6348 6349
6349 6348
6350 6351
6351 6350
6352 6353
6353 6352
6354 6355
6355 6354
6356 6357
6357 6356
6358 6359
6359 6358
6360 6361
6361 6360
6362 6363
6363 6362
6364 6365
6365 6364
6366 6367
6367 6366
6368 6369
6369 6368
6370 6371
6371 6370
6372 6373
6373 6372
6374 6375
6375 6374
6376 6377
6377 6376
6378 6379
6379 6378
6380 6381
6381 6380
6382 6383
6383 6382
6384 6385
6385 6384
6386 6387
6387 6386
6388 6389
6389 6388
6390 6391
6391 6390
6392 6393
6393 6392
6394 6395
6395 6394
6396 6397
6397 6396
6398 6399
6399 6398
6400 6401
6401 6400
6402 6403
6403 6402
6404 6405
6405 6404
6406 6407
6407 6406
6408 6409
6409 6408
6410 6411
6411 6410
6412 6413
6413 6412
6414 6415
6415 6414
6416 6417
6417 6416
6418 6419
6419 6418
6420 6421
6421 6420
6422 6423
6423 6422
6424 6425
6425 6424
6426 6427
6427 6426
6428 6429
6429 6428
6430 6431
6431 6430
6432 6433
6433 6432
6434 6435
6435 6434
6436 6437
6437 6436
6438 6439
6439 6438
6440 6441
6441 6440
6442 6443
6443 6442
6444 6445
6445 6444
6446 6447
6447 6446
6448 6449
6449 6448
6450 6451
6451 6450
6452 6453
6453 6452
6454 6455
6455 6454
6456 6457
6457 6456
6458 6459
6459 6458
6460 6461
6461 6460
6462 6463
6463 6462
6464 6465
6465 6464
6466 6467
6467 6466
6468 6469
6469 6468
6470 6471
6471 6470
6472 6473
6473 6472
6474 6475
6475 6474
6476 6477
6477 6476
6478 6479
6479 6478
6480 6481
6481 6480
6482 6483
6483 6482
6484 6485
6485 6484
6486 6487
6487 6486
6488 6489
6489 6488
6490 6491
6491 6490
6492 6493
6493 6492
6494 6495
6495 6494
6496 6497
6497 6496
6498 6499
6499 6498
6500 6501
6501 6500
6502 6503
6503 6502
6504 6505
6505 6504
6506 6507
6507 6506
6508 6509
6509 6508
6510 6511
6511 6510
6512 6513
6513 6512
6514 6515
6515 6514
6516 6517
6517 6516
6518 6519
6519 6518
6520 6521
6521 6520
6522 6523
6523 6522
6524 6525
6525 6524
6526 6527
6527 6526
6528 6529
6529 6528
6530 6531
6531 6530
6532 6533
6533 6532
6534 6535
6535 6534
6536 6537
6537 6536
6538 6539
6539 6538
6540 6541
6541 6540
6542 6543
6543 6542
6544 6545
6545 6544
6546 6547
6547 6546
6548 6549
6549 6548
6550 6551
6551 6550
6552 6553
6553 6552
6554 6555
6555 6554
6556 6557
6557 6556
6558 6559
6559 6558
6560 6561
6561 6560
6562 6563
6563 6562
6564 6565
6565 6564
6566 6567
6567 6566
6568 6569
6569 6568
6570 6571
6571 6570
6572 6573
6573 6572
6574 6575
6575 6574
6576 6577
6577 6576
6578 6579
6579 6578
6580 6581
6581 6580
6582 6583
6583 6582
6584 6585
6585 6584
6586 6587
6587 6586
6588 6589
6589 6588
6590 6591
6591 6590
6592 6593
6593 6592
6594 6595
6595 6594
6596 6597
6597 6596
6598 6599
6599 6598
6600 6601
6601 6600
6602 6603
6603 6602
6604 6605
6605 6604
6606 6607
6607 6606
6608 6609
6609 6608
6610 6611
6611 6610
6612 6613
6613 6612
6614 6615
6615 6614
6616 6617
6617 6616
6618 6619
6619 6618
6620 6621
6621 6620
6622 6623
6623 6622
6624 6625
6625 6624
6626 6627
6627 6626
6628 6629
6629 6628
6630 6631
6631 6630
6632 6633
6633 6632
6634 6635
6635 6634
6636 6637
6637 6636
6638 6639
6639 6638
6640 6641
6641 6640
6642 6643
6643 6642
6644 6645
6645 6644
6646 6647
6647 6646
6648 6649
6649 6648
6650 6651
6651 6650
6652 6653
6653 6652
6654 6655
6655 6654
6656 6657
6657 6656
6658 6659
6659 6658
6660 6661
6661 6660
6662 6663
6663 6662
6664 6665
6665 6664
6666 6667
6667 6666
6668 6669
6669 6668
6670 6671
6671 6670
6672 6673
6673 6672
6674 6675
6675 6674
6676 6677
6677 6676
6678 6679
6679 6678
6680 6681
6681 6680
6682 6683
6683 6682
6684 6685
6685 6684
6686 6687
6687 6686
6688 6689
6689 6688
6690 6691
6691 6690
6692 6693
6693 6692
6694 6695
6695 6694
6696 6697
6697 6696
6698 6699
6699 6698
6700 6701
6701 6700
6702 6703
6703 6702
6704 6705
6705 6704
6706 6707
6707 6706
6708 6709
6709 6708
6710 6711
6711 6710
6712 6713
6713 6712
6714 6715
6715 6714
6716 6717
6717 6716
6718 6719
6719 6718
6720 6721
6721 6720
6722 6723
6723 6722
6724 6725
6725 6724
6726 6727
6727 6726
6728 6729
6729 6728
6730 6731
6731 6730
6732 6733
6733 6732
6734 6735
6735 6734
6736 6737
6737 6736
6738 6739
6739 6738
6740 6741
6741 6740
6742 6743
6743 6742
6744 6745
6745 6744
6746 6747
6747 6746
6748 6749
6749 6748
6750 6751
6751 6750
6752 6753
6753 6752
6754 6755
6755 6754
6756 6757
6757 6756
6758 6759
6759 6758
6760 6761
6761 6760
6762 6763
6763 6762
6764 6765
6765 6764
6766 6767
6767 6766
6768 6769
6769 6768
6770 6771
6771 6770
6772 6773
6773 6772
6774 6775
6775 6774
6776 6777
6777 6776
6778 6779
6779 6778
6780 6781
6781 6780
6782 6783
6783 6782
6784 6785
6785 6784
6786 6787
6787 6786
6788 6789
6789 6788
6790 6791
6791 6790
6792 6793
6793 6792
6794 6795
6795 6794
6796 6797
6797 6796
6798 6799
6799 6798
6800 6801
6801 6800
6802 6803
6803 6802
6804 6805
6805 6804
6806 6807
6807 6806
6808 6809
6809 6808
6810 6811
6811 6810
6812 6813
6813 6812
6814 6815
6815 6814
6816 6817
6817 6816
6818 6819
6819 6818
6820 6821
6821 6820
6822 6823
6823 6822
6824 6825
6825 6824
6826 6827
6827 6826
6828 6829
6829 6828
6830 6831
6831 6830
6832 6833
6833 6832
6834 6835
6835 6834
6836 6837
6837 6836
6838 6839
6839 6838
6840 6841
6841 6840
6842 6843
6843 6842
6844 6845
6845 6844
6846 6847
6847 6846
6848 6849
6849 6848
6850 6851
6851 6850
6852 6853
6853 6852
6854 6855
6855 6854
6856 6857
6857 6856
6858 6859
6859 6858
6860 6861
6861 6860
6862 6863
6863 6862
6864 6865
6865 6864
6866 6867
6867 6866
6868 6869
6869 6868
6870 6871
6871 6870
6872 6873
6873 6872
6874 6875
6875 6874
6876 6877
6877 6876
6878 6879
6879 6878
6880 6881
6881 6880
6882 6883
6883 6882
6884 6885
6885 6884
6886 6887
6887 6886
6888 6889
6889 6888
6890 6891
6891 6890
6892 6893
6893 6892
6894 6895
6895 6894
6896 6897
6897 6896
6898 6899
6899 6898
6900 6901
6901 6900
6902 6903
6903 6902
6904 6905
6905 6904
6906 6907
6907 6906
6908 6909
6909 6908
6910 6911
6911 6910
6912 6913
6913 6912
6914 6915
6915 6914
6916 6917
6917 6916
6918 6919
6919 6918
6920 6921
6921 6920
6922 6923
6923 6922
6924 6925
6925 6924
6926 6927
6927 6926
6928 6929
6929 6928
6930 6931
6931 6930
6932 6933
6933 6932
6934 6935
6935 6934
6936 6937
6937 6936
6938 6939
6939 6938
6940 6941
6941 6940
6942 6943
6943 6942
6944 6945
6945 6944
6946 6947
6947 6946
6948 6949
6949 6948
6950 6951
6951 6950
6952 6953
6953 6952
6954 6955
6955 6954
6956 6957
6957 6956
6958 6959
6959 6958
6960 6961
6961 6960
6962 6963
6963 6962
6964 6965
6965 6964
6966 6967
6967 6966
6968 6969
6969 6968
6970 6971
6971 6970
6972 6973
6973 6972
6974 6975
6975 6974
6976 6977
6977 6976
6978 6979
6979 6978
6980 6981
6981 6980
6982 6983
6983 6982
6984 6985
6985 6984
6986 6987
6987 6986
6988 6989
6989 6988
6990 6991
6991 6990
6992 6993
6993 6992
6994 6995
6995 6994
6996 6997
6997 6996
6998 6999
6999 6998
7000 7001
7001 7000
7002 7003
7003 7002
7004 7005
7005 7004
7006 7007
7007 7006
7008 7009
7009 7008
7010 7011
7011 7010
7012 7013
7013 7012
7014 7015
7015 7014
7016 7017
7017 7016
7018 7019
7019 7018
7020 7021
7021 7020
7022 7023
7023 7022
7024 7025
7025 7024
7026 7027
7027 7026
7028 7029
7029 7028
7030 7031
7031 7030
7032 7033
7033 7032
7034 7035
7035 7034
7036 7037
7037 7036
7038 7039
7039 7038
7040 7041
7041 7040
7042 7043
7043 7042
7044 7045
7045 7044
7046 7047
7047 7046
7048 7049
7049 7048
7050 7051
7051 7050
7052 7053
7053 7052
7054 7055
7055 7054
7056 7057
7057 7056
7058 7059
7059 7058
7060 7061
7061 7060
7062 7063
7063 7062
7064 7065
7065 7064
7066 7067
7067 7066
7068 7069
7069 7068
7070 7071
7071 7070
7072 7073
7073 7072
7074 7075
7075 7074
7076 7077
7077 7076
7078 7079
7079 7078
7080 7081
7081 7080
7082 7083
7083 7082
7084 7085
7085 7084
7086 7087
7087 7086
7088 7089
7089 7088
7090 7091
7091 7090
7092 7093
7093 7092
7094 7095
7095 7094
7096 7097
7097 7096
7098 7099
7099 7098
7100 7101
7101 7100
7102 7103
7103 7102
7104 7105
7105 7104
7106 7107
7107 7106
7108 7109
7109 7108
7110 7111
7111 7110
7112 7113
7113 7112
7114 7115
7115 7114
7116 7117
7117 7116
7118 7119
7119 7118
7120 7121
7121 7120
7122 7123
7123 7122
7124 7125
7125 7124
7126 7127
7127 7126
7128 7129
7129 7128
7130 7131
7131 7130
7132 7133
7133 7132
7134 7135
7135 7134
7136 7137
7137 7136
7138 7139
7139 7138
7140 7141
7141 7140
7142 7143
7143 7142
7144 7145
7145 7144
7146 7147
7147 7146
7148 7149
7149 7148
7150 7151
7151 7150
7152 7153
7153 7152
7154 7155
7155 7154
7156 7157
7157 7156
7158 7159
7159 7158
7160 7161
7161 7160
7162 7163
7163 7162
7164 7165
7165 7164
7166 7167
7167 7166
7168 7169
7169 7168
7170 7171
7171 7170
7172 7173
7173 7172
7174 7175
7175 7174
7176 7177
7177 7176
7178 7179
7179 7178
7180 7181
7181 7180
7182 7183
7183 7182
7184 7185
7185 7184
7186 7187
7187 7186
7188 7189
7189 7188
7190 7191
7191 7190
7192 7193
7193 7192
7194 7195
7195 7194
7196 7197
7197 7196
7198 7199
7199 7198
7200 7201
7201 7200
7202 7203
7203 7202
7204 7205
7205 7204
7206 7207
7207 7206
7208 7209
7209 7208
7210 7211
7211 7210
7212 7213
7213 7212
7214 7215
7215 7214
7216 7217
7217 7216
7218 7219
7219 7218
7220 7221
7221 7220
7222 7223
7223 7222
7224 7225
7225 7224
7226 7227
7227 7226
7228 7229
7229 7228
7230 7231
7231 7230
7232 7233
7233 7232
7234 7235
7235 7234
7236 7237
7237 7236
7238 7239
7239 7238
7240 7241
7241 7240
7242 7243
7243 7242
7244 7245
7245 7244
7246 7247
7247 7246
7248 7249
7249 7248
7250 7251
7251 7250
7252 7253
7253 7252
7254 7255
7255 7254
7256 7257
7257 7256
7258 7259
7259 7258
7260 7261
7261 7260
7262 7263
7263 7262
7264 7265
7265 7264
7266 7267
7267 7266
7268 7269
7269 7268
7270 7271
7271 7270
7272 7273
7273 7272
7274 7275
7275 7274
7276 7277
7277 7276
7278 7279
7279 7278
7280 7281
7281 7280
7282 7283
7283 7282
7284 7285
7285 7284
7286 7287
7287 7286
7288 7289
7289 7288
7290 7291
7291 7290
7292 7293
7293 7292
7294 7295
7295 7294
7296 7297
7297 7296
7298 7299
7299 7298
7300 7301
7301 7300
7302 7303
7303 7302
7304 7305
7305 7304
7306 7307
7307 7306
7308 7309
7309 7308
7310 7311
7311 7310
7312 7313
7313 7312
7314 7315
7315 7314
7316 7317
7317 7316
7318 7319
7319 7318
7320 7321
7321 7320
7322 7323
7323 7322
7324 7325
7325 7324
7326 7327
7327 7326
7328 7329
7329 7328
7330 7331
7331 7330
7332 7333
7333 7332
7334 7335
7335 7334
7336 7337
7337 7336
7338 7339
7339 7338
7340 7341
7341 7340
7342 7343
7343 7342
7344 7345
7345 7344
7346 7347
7347 7346
7348 7349
7349 7348
7350 7351
7351 7350
7352 7353
7353 7352
7354 7355
7355 7354
7356 7357
7357 7356
7358 7359
7359 7358
7360 7361
7361 7360
7362 7363
7363 7362
7364 7365
7365 7364
7366 7367
7367 7366
7368 7369
7369 7368
7370 7371
7371 7370
7372 7373
7373 7372
7374 7375
7375 7374
7376 7377
7377 7376
7378 7379
7379 7378
7380 7381
7381 7380
7382 7383
7383 7382
7384 7385
7385 7384
7386 7387
7387 7386
7388 7389
7389 7388
7390 7391
7391 7390
7392 7393
7393 7392
7394 7395
7395 7394
7396 7397
7397 7396
7398 7399
7399 7398
7400 7401
7401 7400
7402 7403
7403 7402
7404 7405
7405 7404
7406 7407
7407 7406
7408 7409
7409 7408
7410 7411
7411 7410
7412 7413
7413 7412
7414 7415
7415 7414
7416 7417
7417 7416
7418 7419
7419 7418
7420 7421
7421 7420
7422 7423
7423 7422
7424 7425
7425 7424
7426 7427
7427 7426
7428 7429
7429 7428
7430 7431
7431 7430
7432 7433
7433 7432
7434 7435
7435 7434
7436 7437
7437 7436
7438 7439
7439 7438
7440 7441
7441 7440
7442 7443
7443 7442
7444 7445
7445 7444
7446 7447
7447 7446
7448 7449
7449 7448
7450 7451
7451 7450
7452 7453
7453 7452
7454 7455
7455 7454
7456 7457
7457 7456
7458 7459
7459 7458
7460 7461
7461 7460
7462 7463
7463 7462
7464 7465
7465 7464
7466 7467
7467 7466
7468 7469
7469 7468
7470 7471
7471 7470
7472 7473
7473 7472
7474 7475
7475 7474
7476 7477
7477 7476
7478 7479
7479 7478
7480 7481
7481 7480
7482 7483
7483 7482
7484 7485
7485 7484
7486 7487
7487 7486
7488 7489
7489 7488
7490 7491
7491 7490
7492 7493
7493 7492
7494 7495
7495 7494
7496 7497
7497 7496
7498 7499
7499 7498
7500 7501
7501 7500
7502 7503
7503 7502
7504 7505
7505 7504
7506 7507
7507 7506
7508 7509
7509 7508
7510 7511
7511 7510
7512 7513
7513 7512
7514 7515
7515 7514
7516 7517
7517 7516
7518 7519
7519 7518
7520 7521
7521 7520
7522 7523
7523 7522
7524 7525
7525 7524
7526 7527
7527 7526
7528 7529
7529 7528
7530 7531
7531 7530
7532 7533
7533 7532
7534 7535
7535 7534
7536 7537
7537 7536
7538 7539
7539 7538
7540 7541
7541 7540
7542 7543
7543 7542
7544 7545
7545 7544
7546 7547
7547 7546
7548 7549
7549 7548
7550 7551
7551 7550
7552 7553
7553 7552
7554 7555
7555 7554
7556 7557
7557 7556
7558 7559
7559 7558
7560 7561
7561 7560
7562 7563
7563 7562
7564 7565
7565 7564
7566 7567
7567 7566
7568 7569
7569 7568
7570 7571
7571 7570
7572 7573
7573 7572
7574 7575
7575 7574
7576 7577
7577 7576
7578 7579
7579 7578
7580 7581
7581 7580
7582 7583
7583 7582
7584 7585
7585 7584
7586 7587
7587 7586
7588 7589
7589 7588
7590 7591
7591 7590
7592 7593
7593 7592
7594 7595
7595 7594
7596 7597
7597 7596
7598 7599
7599 7598
7600 7601
7601 7600
7602 7603
7603 7602
7604 7605
7605 7604
7606 7607
7607 7606
7608 7609
7609 7608
7610 7611
7611 7610
7612 7613
7613 7612
7614 7615
7615 7614
7616 7617
7617 7616
7618 7619
7619 7618
7620 7621
7621 7620
7622 7623
7623 7622
7624 7625
7625 7624
7626 7627
7627 7626
7628 7629
7629 7628
7630 7631
7631 7630
7632 7633
7633 7632
7634 7635
7635 7634
7636 7637
7637 7636
7638 7639
7639 7638
7640 7641
7641 7640
7642 7643
7643 7642
7644 7645
7645 7644
7646 7647
7647 7646
7648 7649
7649 7648
7650 7651
7651 7650
7652 7653
7653 7652
7654 7655
7655 7654
7656 7657
7657 7656
7658 7659
7659 7658
7660 7661
7661 7660
7662 7663
7663 7662
7664 7665
7665 7664
7666 7667
7667 7666
7668 7669
7669 7668
7670 7671
7671 7670
7672 7673
7673 7672
7674 7675
7675 7674
7676 7677
7677 7676
7678 7679
7679 7678
7680 7681
7681 7680
7682 7683
7683 7682
7684 7685
7685 7684
7686 7687
7687 7686
7688 7689
7689 7688
7690 7691
7691 7690
7692 7693
7693 7692
7694 7695
7695 7694
7696 7697
7697 7696
7698 7699
7699 7698
7700 7701
7701 7700
7702 7703
7703 7702
7704 7705
7705 7704
7706 7707
7707 7706
7708 7709
7709 7708
7710 7711
7711 7710
7712 7713
7713 7712
7714 7715
7715 7714
7716 7717
7717 7716
7718 7719
7719 7718
7720 7721
7721 7720
7722 7723
7723 7722
7724 7725
7725 7724
7726 7727
7727 7726
7728 7729
7729 7728
7730 7731
7731 7730
7732 7733
7733 7732
7734 7735
7735 7734
7736 7737
7737 7736
7738 7739
7739 7738
7740 7741
7741 7740
7742 7743
7743 7742
7744 7745
7745 7744
7746 7747
7747 7746
7748 7749
7749 7748
7750 7751
7751 7750
7752 7753
7753 7752
7754 7755
7755 7754
7756 7757
7757 7756
7758 7759
7759 7758
7760 7761
7761 7760
7762 7763
7763 7762
7764 7765
7765 7764
7766 7767
7767 7766
7768 7769
7769 7768
7770 7771
7771 7770
7772 7773
7773 7772
7774 7775
7775 7774
7776 7777
7777 7776
7778 7779
7779 7778
7780 7781
7781 7780
7782 7783
7783 7782
7784 7785
7785 7784
7786 7787
7787 7786
7788 7789
7789 7788
7790 7791
7791 7790
7792 7793
7793 7792
7794 7795
7795 7794
7796 7797
7797 7796
7798 7799
7799 7798
7800 7801
7801 7800
7802 7803
7803 7802
7804 7805
7805 7804
7806 7807
7807 7806
7808 7809
7809 7808
7810 7811
7811 7810
7812 7813
7813 7812
7814 7815
7815 7814
7816 7817
7817 7816
7818 7819
7819 7818
7820 7821
7821 7820
7822 7823
7823 7822
7824 7825
7825 7824
7826 7827
7827 7826
7828 7829
7829 7828
7830 7831
7831 7830
7832 7833
7833 7832
7834 7835
7835 7834
7836 7837
7837 7836
7838 7839
7839 7838
7840 7841
7841 7840
7842 7843
7843 7842
7844 7845
7845 7844
7846 7847
7847 7846
7848 7849
7849 7848
7850 7851
7851 7850
7852 7853
7853 7852
7854 7855
7855 7854
7856 7857
7857 7856
7858 7859
7859 7858
7860 7861
7861 7860
7862 7863
7863 7862
7864 7865
7865 7864
7866 7867
7867 7866
7868 7869
7869 7868
7870 7871
7871 7870
7872 7873
7873 7872
7874 7875
7875 7874
7876 7877
7877 7876
7878 7879
7879 7878
7880 7881
7881 7880
7882 7883
7883 7882
7884 7885
7885 7884
7886 7887
7887 7886
7888 7889
7889 7888
7890 7891
7891 7890
7892 7893
7893 7892
7894 7895
7895 7894
7896 7897
7897 7896
7898 7899
7899 7898
7900 7901
7901 7900
7902 7903
7903 7902
7904 7905
7905 7904
7906 7907
7907 7906
7908 7909
7909 7908
7910 7911
7911 7910
7912 7913
7913 7912
7914 7915
7915 7914
7916 7917
7917 7916
7918 7919
7919 7918
7920 7921
7921 7920
7922 7923
7923 7922
7924 7925
7925 7924
7926 7927
7927 7926
7928 7929
7929 7928
7930 7931
7931 7930
7932 7933
7933 7932
7934 7935
7935 7934
7936 7937
7937 7936
7938 7939
7939 7938
7940 7941
7941 7940
7942 7943
7943 7942
7944 7945
7945 7944
7946 7947
7947 7946
7948 7949
7949 7948
7950 7951
7951 7950
7952 7953
7953 7952
7954 7955
7955 7954
7956 7957
7957 7956
7958 7959
7959 7958
7960 7961
7961 7960
7962 7963
7963 7962
7964 7965
7965 7964
7966 7967
7967 7966
7968 7969
7969 7968
7970 7971
7971 7970
7972 7973
7973 7972
7974 7975
7975 7974
7976 7977
7977 7976
7978 7979
7979 7978
7980 7981
7981 7980
7982 7983
7983 7982
7984 7985
7985 7984
7986 7987
7987 7986
7988 7989
7989 7988
7990 7991
7991 7990
7992 7993
7993 7992
7994 7995
7995 7994
7996 7997
7997 7996
7998 7999
7999 7998
8000 8001
8001 8000
8002 8003
8003 8002
8004 8005
8005 8004
8006 8007
8007 8006
8008 8009
8009 8008
8010 8011
8011 8010
8012 8013
8013 8012
8014 8015
8015 8014
8016 8017
8017 8016
8018 8019
8019 8018
8020 8021
8021 8020
8022 8023
8023 8022
8024 8025
8025 8024
8026 8027
8027 8026
8028 8029
8029 8028
8030 8031
8031 8030
8032 8033
8033 8032
8034 8035
8035 8034
8036 8037
8037 8036
8038 8039
8039 8038
8040 8041
8041 8040
8042 8043
8043 8042
8044 8045
8045 8044
8046 8047
8047 8046
8048 8049
8049 8048
8050 8051
8051 8050
8052 8053
8053 8052
8054 8055
8055 8054
8056 8057
8057 8056
8058 8059
8059 8058
8060 8061
8061 8060
8062 8063
8063 8062
8064 8065
8065 8064
8066 8067
8067 8066
8068 8069
8069 8068
8070 8071
8071 8070
8072 8073
8073 8072
8074 8075
8075 8074
8076 8077
8077 8076
8078 8079
8079 8078
8080 8081
8081 8080
8082 8083
8083 8082
8084 8085
8085 8084
8086 8087
8087 8086
8088 8089
8089 8088
8090 8091
8091 8090
8092 8093
8093 8092
8094 8095
8095 8094
8096 8097
8097 8096
8098 8099
8099 8098
8100 8101
8101 8100
8102 8103
8103 8102
8104 8105
8105 8104
8106 8107
8107 8106
8108 8109
8109 8108
8110 8111
8111 8110
8112 8113
8113 8112
8114 8115
8115 8114
8116 8117
8117 8116
8118 8119
8119 8118
8120 8121
8121 8120
8122 8123
8123 8122
8124 8125
8125 8124
8126 8127
8127 8126
8128 8129
8129 8128
8130 8131
8131 8130
8132 8133
8133 8132
8134 8135
8135 8134
8136 8137
8137 8136
8138 8139
8139 8138
8140 8141
8141 8140
8142 8143
8143 8142
8144 8145
8145 8144
8146 8147
8147 8146
8148 8149
8149 8148
8150 8151
8151 8150
8152 8153
8153 8152
8154 8155
8155 8154
8156 8157
8157 8156
8158 8159
8159 8158
8160 8161
8161 8160
8162 8163
8163 8162
8164 8165
8165 8164
8166 8167
8167 8166
8168 8169
8169 8168
8170 8171
8171 8170
8172 8173
8173 8172
8174 8175
8175 8174
8176 8177
8177 8176
8178 8179
8179 8178
8180 8181
8181 8180
8182 8183
8183 8182
8184 8185
8185 8184
8186 8187
8187 8186
8188 8189
8189 8188
8190 8191
8191 8190
8192 8193
8193 8192
8194 8195
8195 8194
8196 8197
8197 8196
8198 8199
8199 8198
8200 8201
8201 8200
8202 8203
8203 8202
8204 8205
8205 8204
8206 8207
8207 8206
8208 8209
8209 8208
8210 8211
8211 8210
8212 8213
8213 8212
8214 8215
8215 8214
8216 8217
8217 8216
8218 8219
8219 8218
8220 8221
8221 8220
8222 8223
8223 8222
8224 8225
8225 8224
8226 8227
8227 8226
8228 8229
8229 8228
8230 8231
8231 8230
8232 8233
8233 8232
8234 8235
8235 8234
8236 8237
8237 8236
8238 8239
8239 8238
8240 8241
8241 8240
8242 8243
8243 8242
8244 8245
8245 8244
8246 8247
8247 8246
8248 8249
8249 8248
8250 8251
8251 8250
8252 8253
8253 8252
8254 8255
8255 8254
8256 8257
8257 8256
8258 8259
8259 8258
8260 8261
8261 8260
8262 8263
8263 8262
8264 8265
8265 8264
8266 8267
8267 8266
8268 8269
8269 8268
8270 8271
8271 8270
8272 8273
8273 8272
8274 8275
8275 8274
8276 8277
8277 8276
8278 8279
8279 8278
8280 8281
8281 8280
8282 8283
8283 8282
8284 8285
8285 8284
8286 8287
8287 8286
8288 8289
8289 8288
8290 8291
8291 8290
8292 8293
8293 8292
8294 8295
8295 8294
8296 8297
8297 8296
8298 8299
8299 8298
8300 8301
8301 8300
8302 8303
8303 8302
8304 8305
8305 8304
8306 8307
8307 8306
8308 8309
8309 8308
8310 8311
8311 8310
8312 8313
8313 8312
8314 8315
8315 8314
8316 8317
8317 8316
8318 8319
8319 8318
8320 8321
8321 8320
8322 8323
8323 8322
8324 8325
8325 8324
8326 8327
8327 8326
8328 8329
8329 8328
8330 8331
8331 8330
8332 8333
8333 8332
8334 8335
8335 8334
8336 8337
8337 8336
8338 8339
8339 8338
8340 8341
8341 8340
8342 8343
8343 8342
8344 8345
8345 8344
8346 8347
8347 8346
8348 8349
8349 8348
8350 8351
8351 8350
8352 8353
8353 8352
8354 8355
8355 8354
8356 8357
8357 8356
8358 8359
8359 8358
8360 8361
8361 8360
8362 8363
8363 8362
8364 8365
8365 8364
8366 8367
8367 8366
8368 8369
8369 8368
8370 8371
8371 8370
8372 8373
8373 8372
8374 8375
8375 8374
8376 8377
8377 8376
8378 8379
8379 8378
8380 8381
8381 8380
8382 8383
8383 8382
8384 8385
8385 8384
8386 8387
8387 8386
8388 8389
8389 8388
8390 8391
8391 8390
8392 8393
8393 8392
8394 8395
8395 8394
8396 8397
8397 8396
8398 8399
8399 8398
8400 8401
8401 8400
8402 8403
8403 8402
8404 8405
8405 8404
8406 8407
8407 8406
8408 8409
8409 8408
8410 8411
8411 8410
8412 8413
8413 8412
8414 8415
8415 8414
8416 8417
8417 8416
8418 8419
8419 8418
8420 8421
8421 8420
8422 8423
8423 8422
8424 8425
8425 8424
8426 8427
8427 8426
8428 8429
8429 8428
8430 8431
8431 8430
8432 8433
8433 8432
8434 8435
8435 8434
8436 8437
8437 8436
8438 8439
8439 8438
8440 8441
8441 8440
8442 8443
8443 8442
8444 8445
8445 8444
8446 8447
8447 8446
8448 8449
8449 8448
8450 8451
8451 8450
8452 8453
8453 8452
8454 8455
8455 8454
8456 8457
8457 8456
8458 8459
8459 8458
8460 8461
8461 8460
8462 8463
8463 8462
8464 8465
8465 8464
8466 8467
8467 8466
8468 8469
8469 8468
8470 8471
8471 8470
8472 8473
8473 8472
8474 8475
8475 8474
8476 8477
8477 8476
8478 8479
8479 8478
8480 8481
8481 8480
8482 8483
8483 8482
8484 8485
8485 8484
8486 8487
8487 8486
8488 8489
8489 8488
8490 8491
8491 8490
8492 8493
8493 8492
8494 8495
8495 8494
8496 8497
8497 8496
8498 8499
8499 8498
8500 8501
8501 8500
8502 8503
8503 8502
8504 8505
8505 8504
8506 8507
8507 8506
8508 8509
8509 8508
8510 8511
8511 8510
8512 8513
8513 8512
8514 8515
8515 8514
8516 8517
8517 8516
8518 8519
8519 8518
8520 8521
8521 8520
8522 8523
8523 8522
8524 8525
8525 8524
8526 8527
8527 8526
8528 8529
8529 8528
8530 8531
8531 8530
8532 8533
8533 8532
8534 8535
8535 8534
8536 8537
8537 8536
8538 8539
8539 8538
8540 8541
8541 8540
8542 8543
8543 8542
8544 8545
8545 8544
8546 8547
8547 8546
8548 8549
8549 8548
8550 8551
8551 8550
8552 8553
8553 8552
8554 8555
8555 8554
8556 8557
8557 8556
8558 8559
8559 8558
8560 8561
8561 8560
8562 8563
8563 8562
8564 8565
8565 8564
8566 8567
8567 8566
8568 8569
8569 8568
8570 8571
8571 8570
8572 8573
8573 8572
8574 8575
8575 8574
8576 8577
8577 8576
8578 8579
8579 8578
8580 8581
8581 8580
8582 8583
8583 8582
8584 8585
8585 8584
8586 8587
8587 8586
8588 8589
8589 8588
8590 8591
8591 8590
8592 8593
8593 8592
8594 8595
8595 8594
8596 8597
8597 8596
8598 8599
8599 8598
8600 8601
8601 8600
8602 8603
8603 8602
8604 8605
8605 8604
8606 8607
8607 8606
8608 8609
8609 8608
8610 8611
8611 8610
8612 8613
8613 8612
8614 8615
8615 8614
8616 8617
8617 8616
8618 8619
8619 8618
8620 8621
8621 8620
8622 8623
8623 8622
8624 8625
8625 8624
8626 8627
8627 8626
8628 8629
8629 8628
8630 8631
8631 8630
8632 8633
8633 8632
8634 8635
8635 8634
8636 8637
8637 8636
8638 8639
8639 8638
8640 8641
8641 8640
8642 8643
8643 8642
8644 8645
8645 8644
8646 8647
8647 8646
8648 8649
8649 8648
8650 8651
8651 8650
8652 8653
8653 8652
8654 8655
8655 8654
8656 8657
8657 8656
8658 8659
8659 8658
8660 8661
8661 8660
8662 8663
8663 8662
8664 8665
8665 8664
8666 8667
8667 8666
8668 8669
8669 8668
8670 8671
8671 8670
8672 8673
8673 8672
8674 8675
8675 8674
8676 8677
8677 8676
8678 8679
8679 8678
8680 8681
8681 8680
8682 8683
8683 8682
8684 8685
8685 8684
8686 8687
8687 8686
8688 8689
8689 8688
8690 8691
8691 8690
8692 8693
8693 8692
8694 8695
8695 8694
8696 8697
8697 8696
8698 8699
8699 8698
8700 8701
8701 8700
8702 8703
8703 8702
8704 8705
8705 8704
8706 8707
8707 8706
8708 8709
8709 8708
8710 8711
8711 8710
8712 8713
8713 8712
8714 8715
8715 8714
8716 8717
8717 8716
8718 8719
8719 8718
8720 8721
8721 8720
8722 8723
8723 8722
8724 8725
8725 8724
8726 8727
8727 8726
8728 8729
8729 8728
8730 8731
8731 8730
8732 8733
8733 8732
8734 8735
8735 8734
8736 8737
8737 8736
8738 8739
8739 8738
8740 8741
8741 8740
8742 8743
8743 8742
8744 8745
8745 8744
8746 8747
8747 8746
8748 8749
8749 8748
8750 8751
8751 8750
8752 8753
8753 8752
8754 8755
8755 8754
8756 8757
8757 8756
8758 8759
8759 8758
8760 8761
8761 8760
8762 8763
8763 8762
8764 8765
8765 8764
8766 8767
8767 8766
8768 8769
8769 8768
8770 8771
8771 8770
8772 8773
8773 8772
8774 8775
8775 8774
8776 8777
8777 8776
8778 8779
8779 8778
8780 8781
8781 8780
8782 8783
8783 8782
8784 8785
8785 8784
8786 8787
8787 8786
8788 8789
8789 8788
8790 8791
8791 8790
8792 8793
8793 8792
8794 8795
8795 8794
8796 8797
8797 8796
8798 8799
8799 8798
8800 8801
8801 8800
8802 8803
8803 8802
8804 8805
8805 8804
8806 8807
8807 8806
8808 8809
8809 8808
8810 8811
8811 8810
8812 8813
8813 8812
8814 8815
8815 8814
8816 8817
8817 8816
8818 8819
8819 8818
8820 8821
8821 8820
8822 8823
8823 8822
8824 8825
8825 8824
8826 8827
8827 8826
8828 8829
8829 8828
8830 8831
8831 8830
8832 8833
8833 8832
8834 8835
8835 8834
8836 8837
8837 8836
8838 8839
8839 8838
8840 8841
8841 8840
8842 8843
8843 8842
8844 8845
8845 8844
8846 8847
8847 8846
8848 8849
8849 8848
8850 8851
8851 8850
8852 8853
8853 8852
8854 8855
8855 8854
8856 8857
8857 8856
8858 8859
8859 8858
8860 8861
8861 8860
8862 8863
8863 8862
8864 8865
8865 8864
8866 8867
8867 8866
8868 8869
8869 8868
8870 8871
8871 8870
8872 8873
8873 8872
8874 8875
8875 8874
8876 8877
8877 8876
8878 8879
8879 8878
8880 8881
8881 8880
8882 8883
8883 8882
8884 8885
8885 8884
8886 8887
8887 8886
8888 8889
8889 8888
8890 8891
8891 8890
8892 8893
8893 8892
8894 8895
8895 8894
8896 8897
8897 8896
8898 8899
8899 8898
8900 8901
8901 8900
8902 8903
8903 8902
8904 8905
8905 8904
8906 8907
8907 8906
8908 8909
8909 8908
8910 8911
8911 8910
8912 8913
8913 8912
8914 8915
8915 8914
8916 8917
8917 8916
8918 8919
8919 8918
8920 8921
8921 8920
8922 8923
8923 8922
8924 8925
8925 8924
8926 8927
8927 8926
8928 8929
8929 8928
8930 8931
8931 8930
8932 8933
8933 8932
8934 8935
8935 8934
8936 8937
8937 8936
8938 8939
8939 8938
8940 8941
8941 8940
8942 8943
8943 8942
8944 8945
8945 8944
8946 8947
8947 8946
8948 8949
8949 8948
8950 8951
8951 8950
8952 8953
8953 8952
8954 8955
8955 8954
8956 8957
8957 8956
8958 8959
8959 8958
8960 8961
8961 8960
8962 8963
8963 8962
8964 8965
8965 8964
8966 8967
8967 8966
8968 8969
8969 8968
8970 8971
8971 8970
8972 8973
8973 8972
8974 8975
8975 8974
8976 8977
8977 8976
8978 8979
8979 8978
8980 8981
8981 8980
8982 8983
8983 8982
8984 8985
8985 8984
8986 8987
8987 8986
8988 8989
8989 8988
8990 8991
8991 8990
8992 8993
8993 8992
8994 8995
8995 8994
8996 8997
8997 8996
8998 8999
8999 8998
9000 9001
9001 9000
9002 9003
9003 9002
9004 9005
9005 9004
9006 9007
9007 9006
9008 9009
9009 9008
9010 9011
9011 9010
9012 9013
9013 9012
9014 9015
9015 9014
9016 9017
9017 9016
9018 9019
9019 9018
9020 9021
9021 9020
9022 9023
9023 9022
9024 9025
9025 9024
9026 9027
9027 9026
9028 9029
9029 9028
9030 9031
9031 9030
9032 9033
9033 9032
9034 9035
9035 9034
9036 9037
9037 9036
9038 9039
9039 9038
9040 9041
9041 9040
9042 9043
9043 9042
9044 9045
9045 9044
9046 9047
9047 9046
9048 9049
9049 9048
9050 9051
9051 9050
9052 9053
9053 9052
9054 9055
9055 9054
9056 9057
9057 9056
9058 9059
9059 9058
9060 9061
9061 9060
9062 9063
9063 9062
9064 9065
9065 9064
9066 9067
9067 9066
9068 9069
9069 9068
9070 9071
9071 9070
9072 9073
9073 9072
9074 9075
9075 9074
9076 9077
9077 9076
9078 9079
9079 9078
9080 9081
9081 9080
9082 9083
9083 9082
9084 9085
9085 9084
9086 9087
9087 9086
9088 9089
9089 9088
9090 9091
9091 9090
9092 9093
9093 9092
9094 9095
9095 9094
9096 9097
9097 9096
9098 9099
9099 9098
9100 9101
9101 9100
9102 9103
9103 9102
9104 9105
9105 9104
9106 9107
9107 9106
9108 9109
9109 9108
9110 9111
9111 9110
9112 9113
9113 9112
9114 9115
9115 9114
9116 9117
9117 9116
9118 9119
9119 9118
9120 9121
9121 9120
9122 9123
9123 9122
9124 9125
9125 9124
9126 9127
9127 9126
9128 9129
9129 9128
9130 9131
9131 9130
9132 9133
9133 9132
9134 9135
9135 9134
9136 9137
9137 9136
9138 9139
9139 9138
9140 9141
9141 9140
9142 9143
9143 9142
9144 9145
9145 9144
9146 9147
9147 9146
9148 9149
9149 9148
9150 9151
9151 9150
9152 9153
9153 9152
9154 9155
9155 9154
9156 9157
9157 9156
9158 9159
9159 9158
9160 9161
9161 9160
9162 9163
9163 9162
9164 9165
9165 9164
9166 9167
9167 9166
9168 9169
9169 9168
9170 9171
9171 9170
9172 9173
9173 9172
9174 9175
9175 9174
9176 9177
9177 9176
9178 9179
9179 9178
9180 9181
9181 9180
9182 9183
9183 9182
9184 9185
9185 9184
9186 9187
9187 9186
9188 9189
9189 9188
9190 9191
9191 9190
9192 9193
9193 9192
9194 9195
9195 9194
9196 9197
9197 9196
9198 9199
9199 9198
9200 9201
9201 9200
9202 9203
9203 9202
9204 9205
9205 9204
9206 9207
9207 9206
9208 9209
9209 9208
9210 9211
9211 9210
9212 9213
9213 9212
9214 9215
9215 9214
9216 9217
9217 9216
9218 9219
9219 9218
9220 9221
9221 9220
9222 9223
9223 9222
9224 9225
9225 9224
9226 9227
9227 9226
9228 9229
9229 9228
9230 9231
9231 9230
9232 9233
9233 9232
9234 9235
9235 9234
9236 9237
9237 9236
9238 9239
9239 9238
9240 9241
9241 9240
9242 9243
9243 9242
9244 9245
9245 9244
9246 9247
9247 9246
9248 9249
9249 9248
9250 9251
9251 9250
9252 9253
9253 9252
9254 9255
9255 9254
9256 9257
9257 9256
9258 9259
9259 9258
9260 9261
9261 9260
9262 9263
9263 9262
9264 9265
9265 9264
9266 9267
9267 9266
9268 9269
9269 9268
9270 9271
9271 9270
9272 9273
9273 9272
9274 9275
9275 9274
9276 9277
9277 9276
9278 9279
9279 9278
9280 9281
9281 9280
9282 9283
9283 9282
9284 9285
9285 9284
9286 9287
9287 9286
9288 9289
9289 9288
9290 9291
9291 9290
9292 9293
9293 9292
9294 9295
9295 9294
9296 9297
9297 9296
9298 9299
9299 9298
9300 9301
9301 9300
9302 9303
9303 9302
9304 9305
9305 9304
9306 9307
9307 9306
9308 9309
9309 9308
9310 9311
9311 9310
9312 9313
9313 9312
9314 9315
9315 9314
9316 9317
9317 9316
9318 9319
9319 9318
9320 9321
9321 9320
9322 9323
9323 9322
9324 9325
9325 9324
9326 9327
9327 9326
9328 9329
9329 9328
9330 9331
9331 9330
9332 9333
9333 9332
9334 9335
9335 9334
9336 9337
9337 9336
9338 9339
9339 9338
9340 9341
9341 9340
9342 9343
9343 9342
9344 9345
9345 9344
9346 9347
9347 9346
9348 9349
9349 9348
9350 9351
9351 9350
9352 9353
9353 9352
9354 9355
9355 9354
9356 9357
9357 9356
9358 9359
9359 9358
9360 9361
9361 9360
9362 9363
9363 9362
9364 9365
9365 9364
9366 9367
9367 9366
9368 9369
9369 9368
9370 9371
9371 9370
9372 9373
9373 9372
9374 9375
9375 9374
9376 9377
9377 9376
9378 9379
9379 9378
9380 9381
9381 9380
9382 9383
9383 9382
9384 9385
9385 9384
9386 9387
9387 9386
9388 9389
9389 9388
9390 9391
9391 9390
9392 9393
9393 9392
9394 9395
9395 9394
9396 9397
9397 9396
9398 9399
9399 9398
9400 9401
9401 9400
9402 9403
9403 9402
9404 9405
9405 9404
9406 9407
9407 9406
9408 9409
9409 9408
9410 9411
9411 9410
9412 9413
9413 9412
9414 9415
9415 9414
9416 9417
9417 9416
9418 9419
9419 9418
9420 9421
9421 9420
9422 9423
9423 9422
9424 9425
9425 9424
9426 9427
9427 9426
9428 9429
9429 9428
9430 9431
9431 9430
9432 9433
9433 9432
9434 9435
9435 9434
9436 9437
9437 9436
9438 9439
9439 9438
9440 9441
9441 9440
9442 9443
9443 9442
9444 9445
9445 9444
9446 9447
9447 9446
9448 9449
9449 9448
9450 9451
9451 9450
9452 9453
9453 9452
9454 9455
9455 9454
9456 9457
9457 9456
9458 9459
9459 9458
9460 9461
9461 9460
9462 9463
9463 9462
9464 9465
9465 9464
9466 9467
9467 9466
9468 9469
9469 9468
9470 9471
9471 9470
9472 9473
9473 9472
9474 9475
9475 9474
9476 9477
9477 9476
9478 9479
9479 9478
9480 9481
9481 9480
9482 9483
9483 9482
9484 9485
9485 9484
9486 9487
9487 9486
9488 9489
9489 9488
9490 9491
9491 9490
9492 9493
9493 9492
9494 9495
9495 9494
9496 9497
9497 9496
9498 9499
9499 9498
9500 9501
9501 9500
9502 9503
9503 9502
9504 9505
9505 9504
9506 9507
9507 9506
9508 9509
9509 9508
9510 9511
9511 9510
9512 9513
9513 9512
9514 9515
9515 9514
9516 9517
9517 9516
9518 9519
9519 9518
9520 9521
9521 9520
9522 9523
9523 9522
9524 9525
9525 9524
9526 9527
9527 9526
9528 9529
9529 9528
9530 9531
9531 9530
9532 9533
9533 9532
9534 9535
9535 9534
9536 9537
9537 9536
9538 9539
9539 9538
9540 9541
9541 9540
9542 9543
9543 9542
9544 9545
9545 9544
9546 9547
9547 9546
9548 9549
9549 9548
9550 9551
9551 9550
9552 9553
9553 9552
9554 9555
9555 9554
9556 9557
9557 9556
9558 9559
9559 9558
9560 9561
9561 9560
9562 9563
9563 9562
9564 9565
9565 9564
9566 9567
9567 9566
9568 9569
9569 9568
9570 9571
9571 9570
9572 9573
9573 9572
9574 9575
9575 9574
9576 9577
9577 9576
9578 9579
9579 9578
9580 9581
9581 9580
9582 9583
9583 9582
9584 9585
9585 9584
9586 9587
9587 9586
9588 9589
9589 9588
9590 9591
9591 9590
9592 9593
9593 9592
9594 9595
9595 9594
9596 9597
9597 9596
9598 9599
9599 9598
9600 9601
9601 9600
9602 9603
9603 9602
9604 9605
9605 9604
9606 9607
9607 9606
9608 9609
9609 9608
9610 9611
9611 9610
9612 9613
9613 9612
9614 9615
9615 9614
9616 9617
9617 9616
9618 9619
9619 9618
9620 9621
9621 9620
9622 9623
9623 9622
9624 9625
9625 9624
9626 9627
9627 9626
9628 9629
9629 9628
9630 9631
9631 9630
9632 9633
9633 9632
9634 9635
9635 9634
9636 9637
9637 9636
9638 9639
9639 9638
9640 9641
9641 9640
9642 9643
9643 9642
9644 9645
9645 9644
9646 9647
9647 9646
9648 9649
9649 9648
9650 9651
9651 9650
9652 9653
9653 9652
9654 9655
9655 9654
9656 9657
9657 9656
9658 9659
9659 9658
9660 9661
9661 9660
9662 9663
9663 9662
9664 9665
9665 9664
9666 9667
9667 9666
9668 9669
9669 9668
9670 9671
9671 9670
9672 9673
9673 9672
9674 9675
9675 9674
9676 9677
9677 9676
9678 9679
9679 9678
9680 9681
9681 9680
9682 9683
9683 9682
9684 9685
9685 9684
9686 9687
9687 9686
9688 9689
9689 9688
9690 9691
9691 9690
9692 9693
9693 9692
9694 9695
9695 9694
9696 9697
9697 9696
9698 9699
9699 9698
9700 9701
9701 9700
9702 9703
9703 9702
9704 9705
9705 9704
9706 9707
9707 9706
9708 9709
9709 9708
9710 9711
9711 9710
9712 9713
9713 9712
9714 9715
9715 9714
9716 9717
9717 9716
9718 9719
9719 9718
9720 9721
9721 9720
9722 9723
9723 9722
9724 9725
9725 9724
9726 9727
9727 9726
9728 9729
9729 9728
9730 9731
9731 9730
9732 9733
9733 9732
9734 9735
9735 9734
9736 9737
9737 9736
9738 9739
9739 9738
9740 9741
9741 9740
9742 9743
9743 9742
9744 9745
9745 9744
9746 9747
9747 9746
9748 9749
9749 9748
9750 9751
9751 9750
9752 9753
9753 9752
9754 9755
9755 9754
9756 9757
9757 9756
9758 9759
9759 9758
9760 9761
9761 9760
9762 9763
9763 9762
9764 9765
9765 9764
9766 9767
9767 9766
9768 9769
9769 9768
9770 9771
9771 9770
9772 9773
9773 9772
9774 9775
9775 9774
9776 9777
9777 9776
9778 9779
9779 9778
9780 9781
9781 9780
9782 9783
9783 9782
9784 9785
9785 9784
9786 9787
9787 9786
9788 9789
9789 9788
9790 9791
9791 9790
9792 9793
9793 9792
9794 9795
9795 9794
9796 9797
9797 9796
9798 9799
9799 9798
9800 9801
9801 9800
9802 9803
9803 9802
9804 9805
9805 9804
9806 9807
9807 9806
9808 9809
9809 9808
9810 9811
9811 9810
9812 9813
9813 9812
9814 9815
9815 9814
9816 9817
9817 9816
9818 9819
9819 9818
9820 9821
9821 9820
9822 9823
9823 9822
9824 9825
9825 9824
9826 9827
9827 9826
9828 9829
9829 9828
9830 9831
9831 9830
9832 9833
9833 9832
9834 9835
9835 9834
9836 9837
9837 9836
9838 9839
9839 9838
9840 9841
9841 9840
9842 9843
9843 9842
9844 9845
9845 9844
9846 9847
9847 9846
9848 9849
9849 9848
9850 9851
9851 9850
9852 9853
9853 9852
9854 9855
9855 9854
9856 9857
9857 9856
9858 9859
9859 9858
9860 9861
9861 9860
9862 9863
9863 9862
9864 9865
9865 9864
9866 9867
9867 9866
9868 9869
9869 9868
9870 9871
9871 9870
9872 9873
9873 9872
9874 9875
9875 9874
9876 9877
9877 9876
9878 9879
9879 9878
9880 9881
9881 9880
9882 9883
9883 9882
9884 9885
9885 9884
9886 9887
9887 9886
9888 9889
9889 9888
9890 9891
9891 9890
9892 9893
9893 9892
9894 9895
9895 9894
9896 9897
9897 9896
9898 9899
9899 9898
9900 9901
9901 9900
9902 9903
9903 9902
9904 9905
9905 9904
9906 9907
9907 9906
9908 9909
9909 9908
9910 9911
9911 9910
9912 9913
9913 9912
9914 9915
9915 9914
9916 9917
9917 9916
9918 9919
9919 9918
9920 9921
9921 9920
9922 9923
9923 9922
9924 9925
9925 9924
9926 9927
9927 9926
9928 9929
9929 9928
9930 9931
9931 9930
9932 9933
9933 9932
9934 9935
9935 9934
9936 9937
9937 9936
9938 9939
9939 9938
9940 9941
9941 9940
9942 9943
9943 9942
9944 9945
9945 9944
9946 9947
9947 9946
9948 9949
9949 9948
9950 9951
9951 9950
9952 9953
9953 9952
9954 9955
9955 9954
9956 9957
9957 9956
9958 9959
9959 9958
9960 9961
9961 9960
9962 9963
9963 9962
9964 9965
9965 9964
9966 9967
9967 9966
9968 9969
9969 9968
9970 9971
2 3
3 2
4 5
5 4
6 7
7 6
8 9
9 8
10 11
11 10
12 13
13 12
14 15
15 14
16 17
17 16
18 19
19 18
9991 9990
9992 9993
9993 9992
9994 9995
9995 9994
9996 9997
9997 9996
9998 9999
9999 9998
5000 5001
5001 5000
4999 5000
5001 5002
0 0
