2510 3012
2203 1634
1634 153
2203 1066
1066 288
288 153
978 153
1650 978
1650 153
153 1114
153 544
1114 1404
544 1729
1404 1428
1729 1428
1428 838
1428 254
838 2357
254 1082
2357 625
1082 625
625 146
625 2510
146 231
2510 1315
231 921
1315 921
921 144
921 1153
144 593
1153 1130
593 2143
1130 2143
2143 1302
2143 568
1302 2233
568 2188
2233 413
2188 413
413 1677
413 2350
1677 680
2350 1368
680 1813
1368 1813
1813 1123
1813 210
1123 922
210 216
922 1312
216 1312
1312 260
1312 2083
260 2176
2083 2502
2176 897
2502 897
897 455
897 1242
455 1427
1242 1775
1427 2196
1775 2196
2196 797
2196 71
797 1039
71 2138
1039 2104
2138 2104
2104 2428
2104 2116
2428 1953
2116 2405
1953 2248
2405 2248
2248 468
2248 1767
468 1569
1767 361
1569 1995
361 1995
1995 296
1995 1921
296 39
1921 906
39 1293
906 1293
1293 124
1293 17
124 1351
17 958
1351 363
958 363
363 985
363 422
985 1906
422 813
1906 1174
813 1174
1174 306
1174 134
306 1452
134 835
1452 470
835 470
470 580
470 515
580 1879
515 1375
1879 534
1375 534
534 1407
534 1218
1407 1260
1218 570
1260 762
570 762
762 1064
762 1717
1064 2133
1717 864
2133 1226
864 1226
1226 362
1226 1742
362 14
1742 1925
14 1670
1925 1670
1670 1795
1670 137
1795 866
137 1251
866 2388
1251 2388
2388 2050
2388 579
2050 1840
579 957
1840 315
957 315
315 1307
315 1038
1307 718
1038 1450
718 1628
1450 1628
1628 2414
1628 530
2414 69
530 1345
69 1757
1345 1757
1757 173
1757 1285
173 953
1285 1732
953 891
1732 891
891 1484
891 998
1484 1432
998 115
1432 2400
115 2400
2400 1299
2400 831
1299 1319
831 1112
1319 454
1112 454
454 1253
454 2263
1253 2245
2263 810
2245 2046
810 2046
2046 64
2046 1839
64 2397
1839 1527
2397 1645
1527 1645
1645 1581
1645 1807
1581 774
1807 1414
774 2503
1414 2503
2503 355
2503 508
355 1564
508 2157
1564 389
2157 389
389 2370
389 1914
2370 665
1914 2420
665 2069
2420 2069
2069 612
2069 1070
612 1971
1070 221
1971 2162
221 2162
2162 211
2162 182
211 676
182 1970
676 586
1970 586
586 2499
586 2098
2499 1316
2098 874
1316 555
874 555
555 1160
555 101
1160 2247
101 1783
2247 870
1783 870
870 685
870 2164
685 663
2164 727
663 1610
727 1610
1610 441
1610 29
441 1566
29 2351
1566 1349
2351 1349
1349 2485
1349 2310
2485 2391
2310 930
2391 2412
930 2412
2412 1459
2412 392
1459 2333
392 642
2333 239
642 239
239 1041
239 1433
1041 1338
1433 681
1338 1997
681 1997
1997 1418
1997 919
1418 614
919 1576
614 360
1576 360
360 1069
360 1812
1069 1560
1812 947
1560 901
947 901
901 201
901 687
201 1661
687 1844
1661 1342
1844 1342
1342 32
1342 1663
32 2489
1663 1138
2489 696
1138 696
696 391
696 317
391 1396
317 841
1396 485
841 485
485 148
485 1688
148 434
1688 2444
434 2110
2444 2110
2110 954
2110 23
954 567
23 2338
567 2411
2338 2411
2411 248
2411 1204
248 1646
1204 731
1646 1397
731 1397
1397 767
1397 1185
767 253
1185 686
253 426
686 426
426 114
426 1915
114 753
1915 1100
753 842
1100 842
842 177
842 2156
177 1929
2156 881
1929 1687
881 1687
1687 2155
1687 2085
2155 1004
2085 1958
1004 2179
1958 2179
2179 1541
2179 1172
1541 34
1172 205
34 798
205 798
798 19
798 632
19 2401
632 1154
2401 1936
1154 1936
1936 2198
1936 959
2198 1084
959 265
1084 2193
265 2193
2193 1492
2193 2087
1492 1681
2087 1739
1681 1339
1739 1339
1339 1721
1339 2416
1721 1755
2416 351
1755 501
351 501
501 2457
501 1949
2457 1093
1949 338
1093 42
338 42
42 1519
42 2217
1519 1181
2217 1599
1181 513
1599 513
513 678
513 2228
678 2433
2228 1110
2433 2225
1110 2225
2225 2097
2225 1824
2097 1872
1824 1847
1872 1183
1847 1183
1183 1746
1183 262
1746 233
262 1129
233 669
1129 669
669 244
669 1461
244 588
1461 1441
588 2308
1441 2308
2308 385
2308 27
385 645
27 96
645 981
96 981
981 1431
981 1328
1431 2080
1328 1284
2080 1467
1284 1467
1467 1825
1467 1787
1825 1542
1787 942
1542 1785
942 1785
1785 878
1785 1177
878 2025
1177 2430
2025 2393
2430 2393
2393 1318
2393 2204
1318 1947
2204 341
1947 1150
341 1150
1150 16
1150 1859
16 521
1859 483
521 1623
483 1623
1623 458
1623 1976
458 1377
1976 1198
1377 605
1198 605
605 1539
605 2362
1539 2427
2362 786
2427 2057
786 2057
2057 644
2057 60
644 1350
60 268
1350 406
268 406
406 1577
406 984
1577 529
984 1706
529 2331
1706 2331
2331 378
2331 1003
378 2238
1003 350
2238 986
350 986
986 1862
986 53
1862 2290
53 408
2290 481
408 481
481 1919
481 1196
1919 944
1196 1888
944 777
1888 777
777 1930
777 2294
1930 890
2294 145
890 1994
145 1994
1994 2008
1994 1330
2008 159
1330 2185
159 672
2185 672
672 765
672 1352
765 520
1352 2449
520 1990
2449 1990
1990 1624
1990 1073
1624 247
1073 110
247 1186
110 1186
1186 2387
1186 1471
2387 893
1471 1616
893 2267
1616 2267
2267 705
2267 2071
705 1229
2071 2020
1229 715
2020 715
715 2254
715 415
2254 93
415 2051
93 1578
2051 1578
1578 1831
1578 1707
1831 847
1707 1993
847 1265
1993 1265
1265 1012
1265 2266
1012 2151
2266 2153
2151 2259
2153 2259
2259 1981
2259 2167
1981 65
2167 1935
65 2285
1935 2285
2285 1890
2285 366
1890 566
366 708
566 429
708 429
429 924
429 569
924 236
569 1239
236 1221
1239 1221
1221 425
1221 815
425 1768
815 274
1768 2364
274 2364
2364 194
2364 590
194 1874
590 2255
1874 280
2255 280
280 1417
280 1629
1417 1091
1629 714
1091 980
714 980
980 640
980 2223
640 2055
2223 354
2055 2
354 2
2 1300
2 1331
1300 1808
1331 20
1808 344
20 344
344 2358
344 1411
2358 1816
1411 904
1816 2472
904 2472
2472 99
2472 2383
99 564
2383 601
564 773
601 773
773 819
773 1854
819 610
1854 2117
610 1793
2117 1793
1793 2355
1793 1740
2355 1607
1740 2209
1607 384
2209 384
384 1409
384 1046
1409 11
1046 1574
11 1782
1574 1782
1782 1792
1782 410
1792 1132
410 1392
1132 2160
1392 2160
2160 1773
2160 2508
1773 1463
2508 854
1463 673
854 673
673 1648
673 1054
1648 2142
1054 1860
2142 787
1860 787
787 743
787 1657
743 1297
1657 740
1297 49
740 49
49 15
49 459
15 1853
459 1803
1853 2261
1803 2261
2261 1296
2261 802
1296 58
802 1399
58 1095
1399 1095
1095 463
1095 2289
463 1849
2289 1047
1849 1232
1047 1232
1232 150
1232 234
150 1470
234 368
1470 914
368 914
914 2113
914 162
2113 1164
162 725
1164 536
725 536
536 1020
536 1290
1020 941
1290 473
941 1615
473 1615
1615 1967
1615 1094
1967 388
1094 525
388 2068
525 2068
2068 2169
2068 747
2169 181
747 397
181 52
397 52
52 285
52 1555
285 1146
1555 466
1146 772
466 772
772 1045
772 499
1045 1674
499 1456
1674 883
1456 883
883 2415
883 1213
2415 1595
1213 1168
1595 2309
1168 2309
2309 2320
2309 1532
2320 297
1532 1752
297 1142
1752 1142
1142 81
1142 1231
81 923
1231 756
923 894
756 894
894 1421
894 324
1421 1190
324 2079
1190 587
2079 587
587 2166
587 217
2166 48
217 1796
48 1845
1796 1845
1845 629
1845 734
629 1061
734 2028
1061 1187
2028 1187
1187 852
1187 1424
852 376
1424 1361
376 1344
1361 1344
1344 2105
1344 1968
2105 2007
1968 547
2007 1089
547 1089
1089 421
1089 487
421 1434
487 193
1434 307
193 307
307 418
307 755
418 97
755 1822
97 754
1822 754
754 2074
754 735
2074 909
735 778
909 2045
778 2045
2045 1600
2045 1763
1600 1606
1763 319
1606 1090
319 1090
1090 853
1090 1369
853 2119
1369 1960
2119 1136
1960 1136
1136 503
1136 623
503 2376
623 956
2376 89
956 89
89 622
89 2352
622 202
2352 1283
202 1582
1283 1582
1582 225
1582 367
225 595
367 1151
595 859
1151 859
859 2408
859 1918
2408 1030
1918 1780
1030 2284
1780 2284
2284 30
2284 1241
30 203
1241 1194
203 491
1194 491
491 199
491 1340
199 1291
1340 2421
1291 1861
2421 1861
1861 414
1861 1777
414 240
1777 1092
240 2335
1092 2335
2335 908
2335 1530
908 197
1530 452
197 900
452 900
900 1989
900 910
1989 2306
910 2100
2306 2109
2100 2109
2109 56
2109 1954
56 2132
1954 2077
2132 1333
2077 1333
1333 811
1333 308
811 977
308 370
977 1664
370 1664
1664 1144
1664 2009
1144 2274
2009 2237
2274 2241
2237 2241
2241 223
2241 2455
223 964
2455 2154
964 2422
2154 2422
2422 2500
2422 1991
2500 1743
1991 1321
1743 849
1321 849
849 55
849 1436
55 1370
1436 374
1370 1474
374 1474
1474 7
1474 748
7 2144
748 2286
2144 2340
2286 2340
2340 158
2340 2366
158 1419
2366 671
1419 1689
671 1689
1689 1695
1689 1728
1695 2152
1728 1383
2152 969
1383 969
969 939
969 1121
939 1320
1121 2013
1320 238
2013 238
238 1973
238 2224
1973 2182
2224 1326
2182 443
1326 443
443 907
443 1040
907 2229
1040 1614
2229 1058
1614 1058
1058 1199
1058 90
1199 1245
90 1224
1245 1811
1224 1811
1811 1878
1811 405
1878 1460
405 264
1460 1955
264 1955
1955 543
1955 1868
543 1127
1868 2052
1127 776
2052 776
776 287
776 467
287 1838
467 675
1838 1938
675 1938
1938 1376
1938 1926
1376 2311
1926 1478
2311 1355
1478 1355
1355 1712
1355 1250
1712 1372
1250 9
1372 259
9 259
259 931
259 963
931 1618
963 2044
1618 704
2044 704
704 1702
704 2292
1702 1745
2292 1422
1745 719
1422 719
719 1513
719 1867
1513 95
1867 722
95 1765
722 1765
1765 1799
1765 633
1799 577
633 2283
577 1133
2283 1133
1133 2062
1133 2135
2062 1627
2135 2173
1627 106
2173 106
106 1788
106 1758
1788 2324
1758 1851
2324 771
1851 771
771 2470
771 399
2470 606
399 2197
606 1761
2197 1761
1761 47
1761 563
47 1631
563 1074
1631 742
1074 742
742 723
742 2315
723 770
2315 2220
770 382
2220 382
382 2506
382 103
2506 2041
103 542
2041 62
542 62
62 2251
62 1161
2251 2141
1161 1916
2141 989
1916 989
989 2280
989 1423
2280 126
1423 1387
126 1810
1387 1810
1810 284
1810 276
284 1704
276 1446
1704 1125
1446 1125
1125 2464
1125 2256
2464 871
2256 1920
871 1021
1920 1021
1021 1029
1021 496
1029 1263
496 1206
1263 589
1206 589
589 2148
589 45
2148 86
45 2048
86 1086
2048 1086
1086 2127
1086 2438
2127 2101
2438 1620
2101 1227
1620 1227
1227 1815
1227 691
1815 961
691 763
961 1543
763 1543
1543 1966
1543 447
1966 912
447 1679
912 805
1679 805
805 1975
805 510
1975 1723
510 1602
1723 565
1602 565
565 2001
565 2207
2001 1756
2207 2189
1756 683
2189 683
683 752
683 347
752 1873
347 161
1873 886
161 886
886 1317
886 574
1317 1691
574 2481
1691 1358
2481 1358
1358 1167
1358 1406
1167 872
1406 2053
872 1382
2053 1382
1382 1907
1382 352
1907 2064
352 1536
2064 5
1536 5
5 2474
5 1248
2474 465
1248 2303
465 506
2303 506
506 638
506 972
638 1894
972 1438
1894 2195
1438 2195
2195 1524
2195 552
1524 128
552 682
128 943
682 943
943 469
943 1503
469 1036
1503 1448
1036 2208
1448 2208
2208 630
2208 887
630 784
887 33
784 1049
33 1049
1049 2443
1049 751
2443 915
751 1244
915 2222
1244 2222
2222 1592
2222 1111
1592 2058
1111 2314
2058 2465
2314 2465
2465 1605
2465 2396
1605 26
2396 2258
26 407
2258 407
407 594
407 1389
594 1275
1389 1886
1275 1790
1886 1790
1790 1899
1790 381
1899 1700
381 509
1700 538
509 538
538 721
538 187
721 861
187 885
861 1909
885 1909
1909 453
1909 102
453 430
102 2404
430 938
2404 938
938 856
938 2501
856 1437
2501 2336
1437 1719
2336 1719
1719 2275
1719 94
2275 2150
94 2161
2150 1837
2161 1837
1837 424
1837 1292
424 1053
1292 1469
1053 1398
1469 1398
1398 1002
1398 278
1002 1462
278 1257
1462 316
1257 316
316 1014
316 1671
1014 867
1671 982
867 1675
982 1675
1675 668
1675 1457
668 1841
1457 1009
1841 934
1009 934
934 1412
934 572
1412 837
572 1857
837 2181
1857 2181
2181 295
2181 435
295 131
435 860
131 1622
860 1622
1622 1254
1622 2042
1254 1667
2042 637
1667 1465
637 1465
1465 105
1465 379
105 1276
379 2272
1276 104
2272 104
104 1063
104 1252
1063 992
1252 2102
992 46
2102 46
46 1883
46 2234
1883 304
2234 1893
304 2436
1893 2436
2436 356
2436 1726
356 301
1726 1506
301 1983
1506 1983
1983 1386
1983 1024
1386 628
1024 535
628 1659
535 1659
1659 1588
1659 2030
1588 949
2030 214
949 1238
214 1238
1238 220
1238 2108
220 1401
2108 349
1401 1042
349 1042
1042 1529
1042 1371
1529 2067
1371 1978
2067 1759
1978 1759
1759 1362
1759 365
1362 814
365 759
814 1325
759 1325
1325 1468
1325 1430
1468 1400
1430 1415
1400 2213
1415 2213
2213 1062
2213 933
1062 1219
933 1830
1219 206
1830 206
206 1747
206 237
1747 298
237 79
298 1904
79 1904
1904 2107
1904 1324
2107 2322
1324 1225
2322 2024
1225 2024
2024 1394
2024 1774
1394 596
1774 209
596 1779
209 1779
1779 1718
1779 215
1718 609
215 1134
609 2093
1134 2093
2093 1776
2093 170
1776 1709
170 661
1709 1016
661 1016
1016 2317
1016 973
2317 1497
973 398
1497 903
398 903
903 1703
903 2319
1703 2070
2319 996
2070 1305
996 1305
1305 427
1305 937
427 1294
937 117
1294 1686
117 1686
1686 591
1686 2389
591 168
2389 108
168 107
108 107
107 1533
107 252
1533 61
252 2140
61 1528
2140 1528
1528 1525
1528 2249
1525 359
2249 634
359 717
634 717
717 250
717 1856
250 2032
1856 578
2032 2066
578 2066
2066 526
2066 2015
526 303
2015 2288
303 475
2288 475
475 817
475 2252
817 123
2252 1341
123 554
1341 554
554 1881
554 2271
1881 437
2271 1337
437 1896
1337 1896
1896 28
1896 2327
28 2063
2327 2026
2063 2037
2026 2037
2037 1553
2037 1099
1553 584
1099 1534
584 2090
1534 2090
2090 825
2090 611
825 1760
611 174
1760 769
174 769
769 2353
769 364
2353 792
364 1479
792 445
1479 445
445 1871
445 1720
1871 404
1720 2206
404 1306
2206 1306
1306 1278
1306 1364
1278 1552
1364 1169
1552 1435
1169 1435
1435 654
1435 1179
654 2423
1179 166
2423 444
166 444
444 1246
444 1273
1246 1941
1273 1573
1941 2354
1573 2354
2354 1598
2354 1948
1598 2342
1948 585
2342 1507
585 1507
1507 2273
1507 122
2273 2219
122 967
2219 1152
967 1152
1152 1880
1152 1115
1880 940
1115 1678
940 2461
1678 2461
2461 1060
2461 1696
1060 1725
1696 2240
1725 1279
2240 1279
1279 2023
1279 1806
2023 775
1806 2184
775 1408
2184 1408
1408 1184
1408 807
1184 1511
807 1017
1511 533
1017 533
533 35
533 1714
35 710
1714 269
710 979
269 979
979 2174
979 2277
2174 1033
2277 2345
1033 2321
2345 2321
2321 1827
2321 1858
1827 343
1858 997
343 987
997 987
987 1591
987 615
1591 879
615 1117
879 1332
1117 1332
1332 189
1332 87
189 1500
87 1072
1500 2453
1072 2453
2453 2466
2453 1800
2466 2004
1800 323
2004 143
323 143
143 85
143 333
85 1797
333 1733
1797 2373
1733 2373
2373 851
2373 1621
851 779
1621 176
779 1737
176 1737
1737 494
1737 219
494 462
219 482
462 882
482 882
882 1102
882 801
1102 830
801 918
830 377
918 377
377 474
377 2300
474 1031
2300 1548
1031 291
1548 291
291 791
291 1652
791 1491
1652 745
1491 1565
745 1565
1565 1956
1565 92
1956 848
92 2103
848 130
2103 130
130 448
130 270
448 1640
270 1609
1640 2039
1609 2039
2039 1384
2039 1963
1384 995
1963 147
995 2437
147 2437
2437 553
2437 1402
553 1234
1402 738
1234 477
738 477
477 1080
477 1545
1080 2212
1545 1143
2212 1390
1143 1390
1390 25
1390 1762
25 649
1762 2305
649 1304
2305 1304
1304 913
1304 1820
913 2134
1820 2190
2134 834
2190 834
834 1741
834 523
1741 2473
523 1310
2473 1413
1310 1413
1413 1789
1413 1766
1789 1488
1766 1295
1488 386
1295 386
386 1910
386 2380
1910 1195
2380 488
1195 2487
488 2487
2487 2349
2487 1863
2349 1501
1863 657
1501 857
657 857
857 1724
857 186
1724 380
186 616
380 1200
616 1200
1200 528
1200 1662
528 1705
1662 1455
1705 292
1455 292
292 1458
292 1010
1458 1875
1010 626
1875 2126
626 2126
2126 302
2126 2425
302 172
2425 1798
172 1498
1798 1498
1498 2257
1498 994
2257 929
994 1972
929 559
1972 559
559 273
559 624
273 2304
624 188
2304 371
188 371
371 1466
371 348
1466 583
348 2307
583 232
2307 232
232 1439
232 561
1439 1850
561 152
1850 737
152 737
737 1619
737 698
1619 198
698 2186
198 2242
2186 2242
2242 2417
2242 647
2417 72
647 607
72 1708
607 1708
1708 1512
1708 1924
1512 1264
1924 37
1264 2125
37 2125
2125 2130
2125 1885
2130 1034
1885 419
1034 1147
419 1147
1147 2467
1147 1852
2467 1683
1852 1139
1683 950
1139 950
950 803
950 659
803 314
659 1079
314 2114
1079 2114
2114 1445
2114 1268
1445 1642
1268 781
1642 875
781 875
875 1823
875 138
1823 2406
138 666
2406 2187
666 2187
2187 1887
2187 832
1887 2218
832 121
2218 2409
121 2409
2409 822
2409 2011
822 2298
2011 2281
2298 1298
2281 1298
1298 1641
1298 136
1641 1829
136 1649
1829 312
1649 312
312 1794
312 865
1794 1056
865 895
1056 1546
895 1546
1546 2075
1546 1001
2075 334
1001 598
334 1769
598 1769
1769 242
1769 2095
242 293
2095 1818
293 1013
1818 1013
1013 82
1013 2323
82 2084
2323 1554
2084 780
1554 780
780 281
780 160
281 230
160 519
230 1055
519 1055
1055 1692
1055 1489
1692 2216
1489 548
2216 1103
548 1103
1103 948
1103 1538
948 1964
1538 321
1964 51
321 51
51 1096
51 1771
1096 976
1771 2344
976 1537
2344 1537
1537 1931
1537 524
1931 1420
524 2231
1420 1693
2231 1693
1693 558
1693 1476
558 2170
1476 2059
2170 310
2059 310
310 78
310 1159
78 1180
1159 1749
1180 266
1749 266
266 1992
266 800
1992 1329
800 724
1329 165
724 165
165 400
165 2505
400 516
2505 1889
516 2054
1889 2054
2054 1655
2054 1052
1655 339
1052 597
339 325
597 325
325 456
325 1262
456 1327
1262 2509
1327 1363
2509 1363
1363 1426
1363 70
1426 1051
70 1255
1051 655
1255 655
655 1067
655 154
1067 2419
154 905
2419 171
905 171
171 741
171 927
741 2230
927 1557
2230 249
1557 249
249 2253
249 1804
2253 2034
1804 442
2034 1826
442 1826
1826 1842
1826 1651
1842 80
1651 1977
80 76
1977 76
76 1603
76 1736
1603 2235
1736 68
2235 472
68 472
472 2348
472 2456
2348 2211
2456 1531
2211 2022
1531 2022
2022 2490
2022 155
2490 757
155 833
757 514
833 514
514 2065
514 783
2065 1007
783 971
1007 1193
971 1193
1193 2325
1193 1347
2325 2096
1347 562
2096 204
562 204
204 1922
204 75
1922 1510
75 627
1510 652
627 652
652 2002
652 2128
2002 2448
2128 1281
2448 1917
1281 1917
1917 184
1917 1482
184 1821
1482 613
1821 2431
613 2431
2431 1969
2431 1697
1969 1191
1697 1215
1191 2082
1215 2082
2082 1923
2082 1453
1923 2124
1453 1113
2124 2221
1113 2221
2221 2076
2221 1643
2076 1472
1643 2477
1472 357
2477 357
357 1933
357 888
1933 504
888 1026
504 1141
1026 1141
1141 827
1141 169
827 2378
169 2334
2378 390
2334 390
390 1571
390 1287
1571 550
1287 88
550 164
88 164
164 2369
164 1962
2369 2296
1962 2418
2296 331
2418 331
331 2120
331 684
2120 884
684 1119
884 1429
1119 1429
1429 305
1429 2491
305 1996
2491 1443
1996 1176
1443 1176
1176 2122
1176 1475
2122 2191
1475 670
2191 702
670 702
702 1085
702 2492
1085 1711
2492 394
1711 395
394 395
395 476
395 1175
476 846
1175 517
846 965
517 965
965 2382
965 433
2382 1088
433 540
1088 492
540 492
492 2270
492 1912
2270 1286
1912 1464
1286 1784
1464 1784
1784 1308
1784 24
1308 1162
24 2091
1162 2227
2091 2227
2227 1202
2227 1834
1202 1050
1834 1173
1050 2149
1173 2149
2149 1057
2149 2192
1057 1493
2192 896
1493 1928
896 1928
1928 840
1928 125
840 329
125 345
329 109
345 109
109 1772
109 990
1772 1509
990 1365
1509 539
1365 539
539 2012
539 974
2012 1567
974 600
1567 845
600 845
845 1884
845 1323
1884 2040
1323 1738
2040 403
1738 403
403 709
403 282
709 2377
282 283
2377 796
283 796
796 1274
796 2029
1274 703
2029 2394
703 880
2394 880
880 2434
880 1373
2434 697
1373 1163
697 1544
1163 1544
1544 2017
1544 2450
2017 2244
2450 1214
2244 1059
1214 1059
1059 1632
1059 2479
1632 693
2479 531
693 573
531 573
573 1987
573 1385
1987 1911
1385 13
1911 336
13 336
336 1562
336 1613
1562 2398
1613 1097
2398 1575
1097 1575
1575 1210
1575 2498
1210 2463
2498 653
2463 1487
653 1487
1487 2440
1487 2264
2440 417
2264 1447
417 140
1447 140
140 2183
140 1032
2183 2047
1032 2158
2047 416
2158 416
416 1336
416 1044
1336 1269
1044 387
1269 1517
387 1517
1517 592
1517 1580
592 1710
1580 272
1710 1986
272 1986
1986 946
1986 863
946 1222
863 2165
1222 326
2165 326
326 2442
326 471
2442 1895
471 1801
1895 1280
1801 1280
1280 1665
1280 2099
1665 1770
2099 1843
1770 1314
1843 1314
1314 1653
1314 911
1653 275
911 2368
275 795
2368 795
795 439
795 920
439 2278
920 656
2278 256
656 256
256 1985
256 808
1985 1118
808 1322
1118 267
1322 267
267 809
267 571
809 449
571 2246
449 1165
2246 1165
1165 836
1165 2014
836 2293
2014 2392
2293 1451
2392 1451
1451 806
1451 2495
806 309
2495 490
309 2061
490 2061
2061 1814
2061 1354
1814 1961
1354 1008
1961 1658
1008 1658
1658 739
1658 1192
739 1735
1192 2432
1735 1075
2432 1075
1075 768
1075 224
768 1638
224 1608
1638 1636
1608 1636
1636 1583
1636 77
1583 2291
77 2073
2291 1982
2073 1982
1982 699
1982 1104
699 2178
1104 692
2178 132
692 132
132 373
132 167
373 1379
167 712
1379 2111
712 2111
2111 758
2111 648
758 1155
648 229
1155 1106
229 1106
1106 2118
1106 235
2118 1480
235 1237
1480 1035
1237 1035
1035 1866
1035 119
1866 2339
119 968
2339 2347
968 2347
2347 1727
2347 1672
1727 2006
1672 1612
2006 650
1612 650
650 812
650 1083
812 1490
1083 2260
1490 2399
2260 2399
2399 581
2399 1908
581 1000
1908 1005
1000 899
1005 899
899 464
899 2201
464 750
2201 157
750 1572
157 1572
1572 926
1572 1943
926 1027
1943 1540
1027 1107
1540 1107
1107 340
1107 8
340 662
8 688
662 2312
688 2312
2312 1212
2312 1303
1212 63
1303 1748
63 1715
1748 1715
1715 322
1715 428
322 1496
428 1869
1496 828
1869 828
828 1217
828 111
1217 255
111 2137
255 1701
2137 1701
1701 1644
1701 2332
1644 636
2332 1367
636 2341
1367 2341
2341 2460
2341 2021
2460 1205
2021 1393
1205 2297
1393 2297
2297 641
2297 2365
641 1984
2365 461
1984 175
461 175
175 1940
175 2279
1940 1449
2279 1522
1449 1201
1522 1201
1201 142
1201 450
142 393
450 902
393 2471
902 2471
2471 133
2471 1425
133 1203
1425 2476
1203 1197
2476 1197
1197 2295
1197 1722
2295 84
1722 2175
84 2010
2175 2010
2010 2215
2010 2139
2215 98
2139 438
98 1360
438 1360
1360 1549
1360 1682
1549 935
1682 73
935 1388
73 1388
1388 243
1388 460
243 1108
460 2346
1108 1656
2346 1656
1656 2402
1656 2092
2402 67
2092 1078
67 196
1078 196
196 1356
196 1171
1356 180
1171 1019
180 502
1019 502
502 898
502 200
898 1209
200 512
1209 1135
512 1135
1135 1611
1135 818
1611 955
818 1668
955 1959
1668 1959
1959 760
1959 1410
760 2136
1410 183
2136 1081
183 1081
1081 1128
1081 127
1128 2035
127 1343
2035 576
1343 576
576 537
576 411
537 431
411 1137
431 746
1137 746
746 2483
746 2214
2483 970
2214 228
970 369
228 369
369 505
369 156
505 263
156 318
263 1126
318 1126
1126 1660
1126 1750
1660 1267
1750 549
1267 2426
549 2426
2426 2356
2426 1502
2356 1690
1502 1346
1690 1148
1346 1148
1148 1561
1148 1145
1561 736
1145 2000
736 2086
2000 2086
2086 1625
2086 1230
1625 1864
1230 862
1864 218
862 218
218 873
218 1381
873 1950
1381 1669
1950 1520
1669 1520
1520 789
1520 149
789 2372
149 608
2372 1282
608 1282
1282 1744
1282 1395
1744 479
1395 337
479 279
337 279
279 582
279 1120
582 191
1120 1942
191 2395
1942 2395
2395 1597
2395 2360
1597 1988
2360 635
1988 695
635 695
695 1903
695 2112
1903 1832
2112 2407
1832 522
2407 522
522 328
522 617
328 286
617 1101
286 38
1101 38
38 1270
38 1897
1270 1028
1897 190
1028 1666
190 1666
1666 877
1666 694
877 700
694 1289
700 446
1289 446
446 412
446 1353
412 788
1353 690
788 1486
690 1486
1486 2361
1486 2435
2361 500
2435 829
500 1277
829 1277
1277 1228
1277 332
1228 639
332 1247
639 1685
1247 1685
1685 100
1685 2081
100 2072
2081 40
2072 2232
40 2232
2232 2005
2232 1898
2005 1335
1898 179
1335 1902
179 1902
1902 451
1902 2385
451 511
2385 1189
511 271
1189 271
271 1596
271 1505
1596 294
1505 54
294 716
54 716
716 1477
716 436
1477 2205
436 1
2205 1957
1 1957
1957 1585
1957 541
1585 2003
541 2019
2003 257
2019 257
257 1647
257 1022
1647 2199
1022 22
2199 1604
22 1604
1604 1518
1604 1473
1518 1514
1473 2504
1514 396
2504 396
396 2202
396 1633
2202 618
1633 1590
618 2146
1590 2146
2146 764
2146 1140
764 1233
1140 674
1233 1516
674 1516
1516 2115
1516 2147
2115 213
2147 1444
213 2454
1444 2454
2454 1584
2454 1635
1584 2194
1635 545
2194 2236
545 2236
2236 1037
2236 300
1037 1901
300 2445
1901 113
2445 113
113 1999
113 358
1999 1680
358 1731
1680 749
1731 749
749 664
749 932
664 1405
932 1587
1405 1223
1587 1223
1223 57
1223 1348
57 711
1348 1980
711 185
1980 185
185 1699
185 1149
1699 299
1149 2018
299 2374
2018 2374
2374 1730
2374 1734
1730 1927
1734 2459
1927 843
2459 843
843 311
843 141
311 1170
141 10
1170 440
10 440
440 335
440 821
335 1617
821 2269
1617 1626
2269 1626
1626 658
1626 1828
658 2484
1828 1157
2484 2159
1157 2159
2159 1809
2159 2371
1809 761
2371 493
761 1259
493 1259
1259 782
1259 1018
782 2282
1018 2121
2282 726
2121 726
726 1586
726 3
1586 729
3 120
729 2507
120 2507
2507 2462
2507 2441
2462 2089
2441 1855
2089 1876
1855 1876
1876 2250
1876 1313
2250 2094
1313 1946
2094 1694
1946 1694
1694 1945
1694 1416
1945 701
1416 2429
701 1819
2429 1819
1819 999
1819 1249
999 619
1249 660
619 928
660 928
928 1499
928 1934
1499 2180
1934 1109
2180 1334
1109 1334
1334 1791
1334 952
1791 2497
952 313
2497 991
313 991
991 2313
991 507
2313 1131
507 2390
1131 1065
2390 1065
1065 346
1065 1579
346 966
1579 1266
966 1023
1266 1023
1023 1077
1023 91
1077 1495
91 575
1495 1551
575 1551
1551 1556
1551 844
1556 1068
844 289
1068 1243
289 1243
1243 2177
1243 2326
2177 43
2326 2386
43 2131
2386 2131
2131 1207
2131 2129
1207 1301
2129 1558
1301 1378
1558 1378
1378 2478
1378 2475
2478 1494
2475 1805
1494 21
1805 21
21 1639
21 36
1639 1178
36 1817
1178 850
1817 850
850 651
850 2413
651 2299
2413 917
2299 1015
917 1015
1015 1937
1015 1836
1937 869
1836 118
869 527
118 527
527 793
527 2060
793 1043
2060 936
1043 1442
936 1442
1442 2049
1442 706
2049 631
706 1802
631 2496
1802 2496
2496 1440
2496 2036
1440 766
2036 1076
766 2031
1076 2031
2031 245
2031 794
245 1835
794 2287
1835 1521
2287 1521
1521 1366
1521 2379
1366 1751
2379 1848
1751 1698
1848 1698
1698 1087
1698 983
1087 892
983 402
892 1508
402 1508
1508 2480
1508 1258
2480 1716
1258 744
1716 951
744 951
951 2168
951 1965
2168 2027
1965 1786
2027 480
1786 480
480 1684
480 960
1684 1833
960 720
1833 139
720 139
139 151
139 2172
151 560
2172 83
560 18
83 18
18 2038
18 2446
2038 2375
2446 1122
2375 1764
1122 1764
1764 1504
1764 1208
1504 1593
1208 988
1593 820
988 820
820 839
820 401
839 498
401 643
498 2171
643 2171
2171 2200
2171 277
2200 1676
277 916
1676 1781
916 1781
1781 733
1781 646
733 1271
646 1882
1271 246
1882 246
246 2468
246 1877
2468 1870
1877 1754
1870 1357
1754 1357
1357 1905
1357 679
1905 1188
679 372
1188 1570
372 1570
1570 732
1570 420
732 226
420 713
226 2493
713 2493
2493 962
2493 353
962 689
353 2328
689 1979
2328 1979
1979 2367
1979 2316
2367 858
2316 730
858 1485
730 1485
1485 489
1485 728
489 2410
728 1944
2410 2239
1944 2239
2239 1568
2239 1261
1568 112
1261 478
112 2486
478 2486
2486 1939
2486 1547
1939 1515
1547 1974
1515 1550
1974 1550
1550 2381
1550 2403
2381 2043
2403 1006
2043 1454
1006 1454
1454 2056
1454 602
2056 1481
602 603
1481 1654
603 1654
1654 1892
1654 2302
1892 621
2302 44
621 1753
44 1753
1753 1240
1753 855
1240 2451
855 1158
2451 2482
1158 2482
2482 1998
2482 532
1998 1166
532 707
1166 2330
707 2330
2330 2494
2330 1900
2494 1391
1900 1865
1391 1236
1865 1236
1236 457
1236 518
457 620
518 1932
620 2262
1932 2262
2262 432
2262 2088
432 290
2088 423
290 2363
423 2363
2363 251
2363 129
251 375
129 192
375 876
192 876
876 50
876 2016
50 1952
2016 1589
1952 1216
1589 1216
1216 208
1216 1713
208 2384
1713 1116
2384 261
1116 261
261 975
261 66
975 1778
66 1535
1778 557
1535 557
557 2106
557 207
2106 409
207 2226
409 1483
2226 1483
1483 41
1483 1601
41 2078
1601 889
2078 212
889 212
212 59
212 116
59 1156
116 2163
1156 1594
2163 1594
1594 2123
1594 945
2123 12
945 1563
12 74
1563 74
74 804
74 1403
804 2301
1403 484
2301 1309
484 1309
1309 1846
1309 1025
1846 823
1025 2265
823 1951
2265 1951
1951 195
1951 227
195 604
227 135
604 1048
135 1048
1048 1523
1048 2337
1523 327
2337 31
327 2469
31 2469
2469 1272
2469 1637
1272 1673
1637 785
1673 826
785 826
826 2033
826 163
2033 2424
163 1559
2424 1071
1559 1071
1071 1891
1071 2458
1891 556
2458 2243
556 1311
2243 1311
1311 383
1311 1630
383 2268
1630 2488
2268 677
2488 677
677 178
677 1182
178 799
1182 2452
799 6
2452 6
6 2210
6 1220
2210 1288
1220 2439
1288 2318
2439 2318
2318 1380
2318 868
1380 342
868 816
342 551
816 551
551 1011
551 824
1011 2359
824 546
2359 1098
546 1098
1098 1211
1098 497
1211 258
497 4
258 1374
4 1374
1374 993
1374 222
993 2145
222 486
2145 1526
486 1526
1526 925
1526 1124
925 2276
1124 495
2276 1359
495 1359
1359 241
1359 1256
241 1105
1256 320
1105 599
320 599
599 1235
599 2447
1235 1913
2447 2329
1913 790
2329 790
790 667
667 2343
790 2343
790 330
