50
3 6138230
128769511 180479497
54605932 28106955
138365752 103332364
50 4
9 6
12 8
6 0
0 3
12 11
9 8
0 5
2 3
2 5
2 2
7 1
12 9
0 9
6 1
0 2
10 12
0 1
12 7
12 3
12 1
0 0
11 0
12 10
12 4
12 5
1 1
3 1
4 4
9 4
0 10
3 5
11 11
1 9
11 1
3 4
10 5
10 7
8 9
8 1
7 7
7 6
5 2
5 3
6 9
9 0
12 12
0 6
7 0
1 11
4 10
13 9509776
11096878 63489342
49060702 55508332
23618998 52252892
3891449 63928292
47467711 13872270
6058434 33984093
1663745 51854366
49756843 34828937
9046444 59272788
54810047 17878647
30774384 18220628
27014896 61833398
21402968 45600085
21 67081383
321170387 436263748
187348126 180215261
273641610 95729734
203004286 457252822
324324329 289287416
31519169 199030563
277188994 288415701
471315140 75429816
202143486 216179147
212759599 384884191
105047539 220937410
223418035 271743903
280706653 146172475
188409588 171694043
20194174 13712812
457116915 432264091
293465390 8108821
16730501 387787923
33408462 238149370
362283828 410872217
198458537 389318199
50 8
2 3
11 15
0 5
0 0
15 5
2 7
11 5
11 11
7 2
2 11
6 11
10 9
6 14
3 16
5 13
16 9
8 0
10 2
15 9
5 4
1 2
7 4
3 13
4 12
3 9
11 1
15 8
1 0
3 10
7 0
1 13
16 16
16 4
15 13
4 7
3 4
14 15
13 13
16 8
9 6
14 10
7 3
9 13
3 6
12 13
12 14
6 9
15 10
0 1
1 9
2 47847699
267417486 328573077
297024457 11151084
18 1
0 0
0 1
0 2
3 3
3 4
3 5
1 0
1 1
1 2
4 3
4 4
4 5
2 0
2 1
2 2
5 3
5 4
5 5
18 1
0 0
0 1
0 2
0 3
0 4
0 5
1 0
1 1
1 2
1 3
1 4
1 5
2 0
2 1
2 2
2 3
2 4
2 5
24 3344937
21289585 26274613
7062274 26646895
48560245 1025877
40975875 11119135
17322804 12187835
26593000 3997900
26371100 38810501
40675593 29236984
42637554 9661348
25533491 41352394
34183254 8478090
8065291 29405575
41097022 47673667
9865294 39088031
13176181 18975489
36334608 333255
70567 46697156
46468509 47108149
45543068 38600997
18836736 35675383
45667202 6881856
157090 16837617
32280162 48816700
48575113 12709361
17 37926313
253995452 64121980
205533867 281886860
246741871 95022885
208480973 119429032
196413662 188373658
123632418 160277288
124469256 275179503
78515422 168607358
66687382 253994182
95142538 17402629
113295461 131188480
265264243 86853609
81919808 282203877
197486202 48367651
13785099 299085298
204797422 205455585
158130383 15459834
7 3
1 5
2 3
2 1
5 1
6 3
4 4
4 5
14 94721190
102818692 11901776
229840290 97967311
92438282 8289203
88377752 28179570
195349265 264177000
81632912 110595365
233540291 42630875
101250288 181701684
209987223 271814462
197968983 183200920
130985824 51234901
260682881 293964310
298630555 48346427
315265984 17610828
18 2
0 0
0 1
0 2
0 3
0 4
0 5
1 0
1 1
1 2
1 3
1 4
1 5
2 0
2 1
2 2
2 3
2 4
2 5
15 11559273
49987969 29470600
64063113 4336518
71085122 61848358
2159932 22559981
7103992 26818375
3002492 65670172
47620387 6649084
35614398 33393489
40932194 5359823
4707307 14752536
21199699 41630364
43099569 41468543
48743070 67168299
51433385 7946389
358816 72256110
50 20
8 9
5 0
11 0
9 2
4 9
7 7
9 8
10 7
4 6
9 6
5 10
9 3
3 1
4 11
3 6
6 4
8 0
6 1
7 9
7 3
2 8
6 9
7 8
6 7
3 2
6 10
3 7
0 2
8 2
6 11
10 1
6 5
11 9
0 3
3 3
5 9
11 5
1 8
11 6
7 2
7 0
1 1
5 6
8 6
11 11
4 1
5 2
8 1
0 9
4 4
7 3
8 5
3 6
9 2
4 5
3 2
1 8
2 8
50 5
3 15
10 16
9 4
6 15
4 8
5 11
0 1
16 10
17 13
15 10
3 1
11 11
13 18
13 11
13 17
8 8
7 15
6 6
2 4
15 3
12 10
18 11
17 6
8 18
17 3
5 4
11 2
6 1
2 9
9 10
3 8
2 1
2 3
7 9
12 2
13 0
8 11
3 4
18 9
16 7
11 18
17 2
8 12
16 12
4 4
0 2
7 13
15 5
0 11
14 1
14 2
0 1
0 2
0 3
1 0
1 1
1 2
1 3
2 0
2 1
2 2
2 3
3 0
3 1
3 2
3 1
100 100
200 200
300 300
16 2
0 0
0 1
0 2
1 0
1 1
1 2
2 0
2 1
2 2
2 3
3 3
4 3
3 2
4 2
3 1
4 1
30 30391868
163873671 100022306
52451383 104171839
104244397 148528461
56202202 1200285
1747273 159512121
153668634 92347635
74412720 123684783
138168310 99553657
49328103 96379643
155544555 146391279
158939141 153768092
10841955 14032486
81996727 6656612
12307658 151775720
37561246 138435186
2259010 130366150
137142803 96278538
149121772 3899388
117166666 134330510
19616423 97831234
17072916 125367196
107852373 150243250
141774782 122271299
92073112 15507344
44162647 158946082
24731549 47996667
47871055 51612511
88988366 87464943
123235515 112993985
115106539 20586037
16 54103378
50441296 127407087
65456384 402737
151418041 154877491
12393276 114543791
144416680 99039865
103306712 104458324
74487462 76428615
89727323 15652817
38005280 85612792
52130135 53314852
26209523 11064365
131130446 71630658
21453333 52302953
31077944 132550081
156927171 54037119
142889908 107489822
24 55328202
230440814 231913445
329502662 122417703
286325136 261238465
42207564 233288512
320320382 249416755
2801128 178060921
139979510 170968653
161964100 47620116
26775460 83584095
265325634 101438487
150015497 112717748
140217206 60965019
241661559 177597797
205637109 4288178
78727737 334192280
148166213 70366710
295733647 312895513
47957939 172100650
292279638 16791827
187939204 145511568
159593990 198614826
118322947 314338375
283618454 129919352
186713721 238499549
30 101658250
78204153 151145805
307583176 253860243
202494148 93370556
202900829 18203616
10590642 339982731
161443220 258464573
319542959 143129828
167586797 122429632
153571160 236079463
129506484 211434757
283478455 47507706
92776400 257661404
380175052 13739744
259005909 29907352
361382687 289627727
345225584 65593445
42944939 190703794
294401071 49448336
362674884 87668442
100770325 18480057
225656016 289227977
137617047 188994231
67901974 300957726
339988415 178434312
132831662 163277592
342212979 194967283
229274008 78241352
194211537 397845821
192616425 228442839
263429041 385988996
14 1
0 1
0 2
0 3
1 0
1 1
1 2
1 3
2 0
2 1
2 2
2 3
3 0
3 1
3 2
28 7010298
20259010 845744
28887952 28986004
1638618 27969512
43477242 54794457
17324934 54103948
46135454 48357062
18166050 54103977
22425308 15872568
1554006 8463319
9075641 43835253
23879253 45583195
19155511 52813269
28573311 36008541
31329856 33816781
28299879 40743296
14062012 26414169
29273006 6968099
11274178 30489222
46660174 3307444
22164714 20591065
52308531 38543916
10298817 12145951
37801155 17437866
52073622 3637010
4880511 11939440
7275249 46476581
44435393 4963060
20003619 21673261
7 6
8 5
3 6
9 2
4 5
3 2
1 8
2 8
16 1
0 0
0 1
0 2
1 0
1 1
1 2
2 0
2 1
2 2
2 3
3 3
4 3
3 2
4 2
3 1
4 1
18 2
0 0
0 1
0 2
3 3
3 4
3 5
1 0
1 1
1 2
4 3
4 4
4 5
2 0
2 1
2 2
5 3
5 4
5 5
50 17
5 5
6 9
6 5
3 9
2 0
6 8
7 5
10 1
4 3
2 5
3 5
8 10
1 2
10 3
8 8
9 9
10 0
7 4
3 0
0 0
10 5
4 4
7 2
4 6
2 2
7 1
3 2
9 1
2 1
0 5
5 1
4 1
2 3
8 1
9 8
6 7
8 0
1 9
6 0
8 3
3 3
5 3
9 0
2 4
9 2
10 4
7 7
9 4
1 8
1 6
4 89843245
247180922 52054762
189472565 201974719
232303868 115080728
182006201 87155761
50 19
8 3
5 8
7 12
7 2
6 4
13 7
10 13
9 4
3 10
3 1
9 0
3 13
0 13
9 1
9 13
12 4
13 4
4 4
4 6
1 5
7 4
13 2
0 7
4 2
3 11
10 8
2 7
5 9
4 5
1 2
3 8
0 8
10 4
6 7
2 8
10 1
9 6
6 10
4 8
6 8
7 6
4 1
8 8
1 10
3 6
1 6
8 10
13 6
8 13
9 10
11 42001781
257380392 389486673
237778085 225127218
483922198 403617115
480653430 467713194
165377610 370532360
339995664 425037331
75279811 256903862
390929366 421293060
493636537 375681867
428300315 206981141
327098963 423090656
27 12497605
92724350 255956144
332893675 341557412
234242200 91139979
51221032 228895968
359503849 246776388
210404579 127169406
196737071 359978974
116175952 166027767
14609488 215337442
219943757 245084886
270223676 319961307
342247488 181243327
319619943 229442064
12312185 232950369
335709479 212875580
78065888 248221792
301760019 107623081
240512926 53786284
125377981 189522113
310183983 218116909
294124894 89853551
295434086 151352112
242983510 91396153
52343371 165672657
152167790 127804527
81822600 241061796
143791205 26301399
25 22732507
60577390 4437494
6230423 31330397
51887708 31933995
1825734 26141505
60486128 35249030
43955744 64555321
79082221 12448013
63583240 70873299
32742397 23757754
61237690 62173739
31170681 56348192
44344512 20485848
62709329 28449876
15709283 52233139
15738778 32305843
12136267 7567217
911724 26973594
57211718 66261140
18975257 24607680
77847562 77426846
16161744 18219568
30677162 69812641
79163490 465377
5316132 4993634
41529121 41099507
1 1
100 100
4 2
0 0
0 2
10 0
10 2
50 8
11 8
9 15
14 17
2 9
1 7
15 13
16 10
9 12
11 7
7 13
17 10
1 16
7 11
8 7
16 17
15 16
10 7
16 1
10 0
13 17
12 17
3 4
14 15
2 11
6 5
12 4
3 13
1 8
0 8
14 8
2 2
16 6
13 6
3 11
8 0
2 5
4 6
4 9
17 11
5 5
9 2
7 0
17 0
8 8
8 2
0 1
1 6
2 14
4 11
15 1
50 6
0 0
11 7
0 11
9 14
2 2
3 3
0 13
6 4
11 8
2 10
11 13
0 8
8 3
9 2
14 8
1 9
14 14
2 9
3 7
2 5
0 4
13 10
9 5
10 5
0 12
3 5
10 14
3 14
10 6
13 7
4 1
2 3
1 13
3 2
12 4
11 6
11 14
9 8
14 12
4 13
4 8
3 8
0 9
1 1
5 3
12 9
6 12
12 11
12 13
8 13
4 1
0 0
0 2
10 0
10 2
23 5358370
25783697 4468986
68940686 22443596
49449993 58321103
9359185 44343306
18817395 69254687
22353944 16709095
20103609 1996648
45021801 67382437
14626103 69205710
33721422 24434170
12842568 2323165
20633026 43364027
16264900 29030104
66607439 37005294
4348646 2779950
17396385 60297
49431401 29805964
30839973 52950994
22011579 18240012
4545502 57843557
2754784 49405323
20655300 26052180
54227686 6744472
26 45922758
49883291 92905212
106757092 86840559
65556445 61578043
54477455 107777366
88832741 84806834
31368164 25237375
46560275 117929078
98095327 13534106
80203282 54844470
18888751 96908326
117774222 11104105
65122942 113911028
83754003 119260006
37064479 93316675
74590915 40848018
71658387 25609802
115223540 104135859
31314040 15805589
26441828 73570723
10981007 16635847
42194457 64940769
88452328 59703806
71951001 116284738
43724908 50543251
109398851 14462789
68208391 113423808
5 21972954
74740411 111259380
144057303 59383053
73659011 63926018
121140921 20912365
124019870 52196775
50 4
11 6
2 4
14 3
12 11
12 0
15 10
6 6
8 7
15 15
14 8
3 7
9 10
11 9
5 11
3 4
8 2
4 15
8 3
14 0
13 8
8 12
6 2
13 3
11 3
13 7
7 8
7 1
5 10
8 0
12 1
8 10
7 15
8 8
0 3
0 11
1 13
1 10
10 2
6 8
7 11
11 15
13 14
0 8
2 13
11 4
2 5
5 5
3 11
1 9
2 10
5 37822253
307997913 233965511
249314111 64528182
277158720 305440421
175924919 48084257
170916795 20915874
18 2662885
10761913 54603564
58270276 34899706
30447818 6708026
54583964 15135223
16209712 15338642
26458699 36232766
1285395 58402934
5547642 43864784
37205920 39829824
22733015 8004192
39834393 53267719
58403578 58459155
47357703 28917994
8672233 46875606
2366858 31191036
30086327 20491099
54822865 53925836
15073863 39578289
20 34481756
214811084 164901336
210467748 184852625
151644806 155515780
135042577 76343388
5254956 2843948
96978752 206468521
30769971 31440912
100129837 96095105
143198742 129547136
211931764 199453624
45372062 123260719
146668294 199101474
15715699 166483537
77982681 117482397
191263297 41013017
93639320 166146131
125346870 46293359
133503565 34750006
12532938 168772344
125811000 156709774
2 1
100 100
200 200
22 12831146
55470245 9220616
48539025 76324648
52157672 42587837
7967047 2278982
8587601 27351620
53252894 21691206
37065870 52857632
4064038 53388249
75452122 51130683
5786342 41316092
30489118 83095143
74617234 47597071
43776239 53361689
24567476 59777734
31800666 63782875
41902752 29336853
23327228 17952056
27563990 52830840
40566403 36072460
24175030 77005525
20902550 19145698
48532158 60465340
4 6606879
5445586 18730251
48324696 30867902
40405780 39597402
50423605 84193003
