100
2 1
500 300
900
660
2 1
500 300
1500
809
2 2
50 100
450 449
1100 1101
2 1
500 300
300
500
1 8
10
11 13 17 11 16 14 12 18
2 7
1 3
6 4 5 7 1 9 6
15 18 18 3 33 21 13
2 7
6 9
13452 13800 15113 13837 13074 12474 14313
20700 22784 19052 21820 18870 22869 22384
1 8
8
767 1600 4401 4400 5600 2488 3300 6728
2 3
2 4
22 6 8
15 12 36
2 7
34655 55029
936562 909535 748099 649974 997366 917388 300523
959270 658726 834741 591313 704297 712066 581933
2 6
4 4
24 8 8 36 16 30
24 30 16 44 8 8
2 8
448185 27474
955316 855573 983578 995673 457595 951757 299147 888944
759832 680784 981529 967430 758279 865688 910245 977266
2 4
67814 191858
180611 443791 938186 792678
955949 869098 973286 919290
1 5
8
7791 10560 4359 5227 2400
1 4
9
7200 7920 7663 6922
1 2
33798
657559 826302
2 5
4 5
1107 880 6400 8763 8403
900 11161 10899 8000 1370
2 2
364290 275319
572544 977380
399417 819544
1 7
6
11585 11946 9715 10663 10806 10740 10818
2 8
10 7
20396 2155 18934 8000 19110 14287 2200 17000
13894 5600 13892 1260 14614 10243 1479 11900
1 8
10
20 87 90 30 31 60 18 110
2 6
10 10
24000 4500 18900 909 2130 2730
2105 24000 3077 948 5500 23100
2 3
835515 219791
330180 999921 540730
640400 172275 306178
2 2
10 1
20725 17814
1938 1873
2 3
1 3
100 306 200
971 580 300
1 5
7
15382 13859 14707 13230 15177
2 4
8 8
7231 6595 7176 8008
6745 7176 6552 7802
1 7
9
18 99 54 72 68 68 58
1 1
2
198
2 1
7 8
13090
12240
2 3
2 10
3284 2933 3520
16577 17455 14400
1 8
8
19055 17027 18400 18633 20240 19301 18400 17656
2 7
1 6
1946 2503 2100 1890 92 312 1320
1846 13860 6480 587 11888 12600 15130
1 8
2
200 1276 1065 543 1481 426 720 1200
2 8
1 3
570 190 800 440 300 656 109 541
900 2400 557 1080 1659 2009 1601 313
1 6
224797
875553 929159 938316 708367 987469 569412
1 3
7
14971 14331 12600
1 3
821245
769757 700599 603828
2 2
10 2
22000 18319
3661 3600
1 8
8
8 64 88 8 8 88 32 8
1 8
10
7 1 2 3 6 8 4 5
2 8
4 7
2400 400 2880 1080 1556 2756 750 2163
2902 3658 4200 6160 1367 700 4418 2310
2 5
52384 171739
426211 864890 56900 909546 833446
865788 955145 642637 303444 958713
2 8
6 6
6 6 66 6 6 6 54 6
6 6 66 6 6 54 6 6
2 4
5 2
2436 12450 7339 9900
910 2737 4840 4906
1 4
5
5897 5400 6350 5734
2 7
6 8
2953 2964 3366 3030 3164 2904 3019
4067 4345 4040 3676 3672 4286 3743
1 7
4
10351 10560 9322 9826 9600 10560 9007
2 2
10 9
19800 19393
14580 17578
1 7
7
56 7 26 77 38 63 39
2 8
9 10
7246 7200 7792 6914 7200 7920 7471 7920
8305 7297 7200 7453 7286 7200 8000 8000
1 5
235412
821398 675724 999864 877680 890597
2 8
10 6
60 48 30 10 80 21 90 32
66 11 18 17 6 30 36 48
1 1
39535
932352
1 3
4
10120 9200 9377
2 8
6 2
6 6 6 6 66 6 6 66
2 18 2 2 18 2 2 2
2 1
9 9
902
960
1 1
4
20
2 8
10 10
20 87 90 44 77 10 64 70
70 63 86 110 20 10 40 65
1 7
3
22 6 33 6 11 6 18
2 3
8 4
5040 5520 5723
2937 2914 3080
1 7
1
5 5 8 1 9 5 7
1 7
4
20 19 20 44 20 19 30
2 8
10 1
18000 18591 18068 18500 16325 18000 16561 19800
1800 1819 1800 1646 1847 1620 1959 1931
2 8
2 2
1980 1703 1832 1800 1841 1980 1752 1800
1824 1635 1620 1956 1620 1800 1800 1684
1 4
8
10872 11267 11968 11894
2 8
210470 9933
858255 766622 803690 987881 900822 990790 901976 684998
880709 862530 956205 659027 557689 565396 891269 959072
1 3
9
9 9 9
2 4
30299 99957
372369 929094 328510 907150
942937 696585 802046 782183
2 8
7 10
18946 17500 16086 17628 18627 17500 18167 19250
27056 22500 25000 26639 26496 25415 23337 25000
1 2
9
1691 975
1 5
1
600 188 316 900 2094
1 4
10
19800 13062 2000 17952
1 8
4
3184 3326 2880 2949 3518 3520 3358 3220
1 1
8
72
1 5
6
660 631 548 649 624
1 4
2
2860 2600 2380 2728
2 4
10 9
3211 3600 994 2195
2892 3960 1833 883
2 3
1 7
2032 2303 1890
16170 14917 14583
1 1
3
3
2 2
3 4
323 2310
421 2520
1 1
2
4772
2 6
7 1
646 11477 6300 16604 13860 8380
1620 100 2395 900 1615 1189
2 8
3 3
897 909 924 856 1023 893 902 824
897 909 926 893 852 906 837 842
2 7
2 2
3800 4320 190 2400 191 2668 1933
2716 184 1833 190 2602 5280 3800
2 6
7 3
731 2293 3500 1260 2613 4452
1890 1500 1189 325 873 660
1 2
5
494 1000
1 2
2
2600 4508
2 5
12001 231127
671941 989945 949707 903463 920156
658046 617846 493631 889033 776411
1 6
7
4200 1890 700 1475 3318 2713
1 4
1
1 1 9 1
2 7
5 5
55 5 5 5 5 5 45
5 55 5 5 5 5 45
1 5
460048
947594 755760 228895 239226 420344
2 8
1 1
1000000 999999 999998 999997 999996 999995 999994 999993
999992 999991 999990 999989 999988 999987 999986 999985
2 8
1 10
1180 1044 1143 1100 990 990 1003 1102
11298 10547 12100 11033 12108 12100 11000 11020
2 8
1 2
200 1837 540 1795 202 1633 2459 1363
3510 2678 417 1320 400 5259 3762 3505
2 8
119075 500371
954122 937772 956592 761348 910170 881085 789691 353939
584131 403484 471630 947775 655499 982646 730074 677412
1 4
4
1082 880 428 1600
1 4
3
902 330 1200 597
1 3
1000000
899999 900001 900000
