100
2 1
500 300
900
660
2 1
500 300
1500
809
2 2
50 100
450 449
1100 1101
2 1
500 300
300
500
1 8
10
11 13 17 11 16 14 12 18
1 1
8
65
2 4
9 8
14400 12960 15276 14615
13076 12800 13994 14080
1 8
3
7389 7808 7200 7251 7058 7200 6480 7755
2 8
10 4
8000 7467 8526 8000 7913 8800 8642 8304
3048 3433 3275 3200 3099 3200 2984 2880
1 4
10
40 40 9 21
2 7
7 9
2016 2001 1974 1890 2262 2100 2135
2515 2700 2915 2745 2970 2874 2633
2 1
6 5
660
450
1 4
1
540 611 600 619
1 7
22756
611473 911000 816655 880960 958034 813833 845152
1 6
1
300 100 1077 2352 1710 1321
2 8
3 10
662 585 693 561 600 595 557 566
1950 2127 2190 2059 1890 1842 2034 2000
1 4
5
27 45 33 35
1 4
10
3757 3225 1000 2200
1 2
10
985 2038
1 8
447
631125 997957 402955 740245 983512 848545 709814 997419
1 2
5
530 1060
1 7
9
81 9 9 9 9 9 9
1 5
235412
877680 675724 890597 999864 821398
2 3
215778 307799
510603 779070 989361
764483 762080 689908
2 8
6 9
3000 4962 4468 3557 2640 585 1223 1722
7129 6779 4500 880 1820 3240 4978 2678
2 8
5 4
1500 3300 450 1092 1803 2301 3679 4000
3200 2873 1809 1200 2160 440 809 1708
2 8
1 3
7 1 6 6 4 6 11 1
18 27 17 3 20 17 3 12
2 2
8 8
13635 12000
13150 12000
2 8
6 2
66 6 6 6 6 6 6 6
2 2 2 2 18 2 2 2
2 4
4 8
24 12 11 12
50 24 24 23
2 8
9 2
63 9 68 61 81 61 27 27
14 15 6 14 2 15 6 22
2 8
5 3
6315 9762 4950 8800 4591 5000 4000 7713
2400 4320 3630 2840 3000 3358 5709 4747
2 4
807451 88164
782495 560382 232262 762625
593262 893617 645726 925771
1 5
208975
996389 960063 684088 361581 683545
2 8
19238 664949
750132 579633 914725 710749 286698 542078 559034 199517
789790 812784 990877 466008 997360 945262 903154 896263
1 3
6
6235 4753 9000
2 8
9 7
2905 20466 11307 7200 16200 10800 10497 3600
1941 8305 15859 2693 15400 5600 8400 7856
2 6
9 8
2722 2733 2511 2618 2737 2655
2398 2490 2360 2220 2491 2728
1 2
3
973 906
2 2
9 7
16830 16736
12365 10710
1 1
5
995
2 2
5 4
4950 10000
3240 8000
2 6
9 8
22742 9766 4307 9900 1980 1660
20635 1486 4005 1440 8800 8544
1 8
10
19950 20000 18822 11102 5000 5451 22500 26400
2 1
768943 168929
460278
625069
2 4
6 3
46 54 6 23
23 12 3 33
1 4
132485
939478 830464 942134 695906
1 8
10
1 4 5 8 6 2 7 3
2 8
169542 26987
612624 929962 407793 905556 941941 947467 843642 999485
952202 967824 695366 954427 374862 914283 968224 779497
2 8
4 1
36 4 30 18 35 20 4 24
6 11 5 8 5 1 1 7
2 8
9 9
21564 23063 23393 20291 19521 21555 22789 23859
20009 22635 21564 23859 19521 21555 22965 22769
2 5
5 5
2882 3000 2984 3300 3103
2922 2700 2752 3292 3000
2 4
4 4
8000 8121 7200 8030
8000 8800 7591 8738
1 5
10
15396 13645 15400 14000 13082
1 1
9
944
1 6
258951
640083 806654 686899 997146 248183 718224
2 6
1 3
224 231 218 179 197 217
545 590 660 591 656 567
2 7
10 6
12457 13173 11700 12382 13000 14011 13166
7800 8580 7317 8377 8081 8216 7136
2 7
5 1
2250 3257 1403 2000 1043 3713 517
400 736 205 604 550 279 105
2 8
795090 53001
976302 999856 950181 998276 940397 942783 956352 798492
273008 960148 436193 580022 807231 658326 898126 349650
1 5
9
5365 5561 5083 5940 5400
1 1
82153
873969
2 8
3 2
631 810 1200 1648 1433 308 2147 2640
1504 660 949 418 1221 800 1440 220
2 2
6 10
1313 600
2024 1000
1 5
7
13303 7700 3421 5384 15120
2 8
1 1
1000000 999999 999998 999997 999996 999995 999994 999993
999992 999991 999990 999989 999988 999987 999986 999985
2 1
8 5
72
55
1 7
3
24 9 33 3 9 12 18
2 8
2 9
2 2 2 2 2 2 2 18
9 9 9 9 99 9 9 9
1 3
6
660 1139 1800
2 2
9 1
1980 905
105 180
2 8
8 9
8872 8111 7920 8800 8751 9632 7920 9456
10427 10890 10890 10854 9900 10420 9126 10770
1 3
1
990 1006 1103
2 4
5 2
11 38 45 42
15 4 16 22
1 4
10
10 10 10 9
1 3
1000000
900001 900000 899999
1 8
3
5700 1709 5700 990 6062 5980 4077 1152
1 8
3
7173 7500 7500 7359 7029 6750 8250 8126
1 5
9
4628 4353 4336 4491 4131
2 5
2 5
18 17 4 10 9
11 23 55 43 25
2 1
1 7
2310
15661
2 7
10 1
10 54 30 22 110 70 31
2 7 9 1 3 6 3
2 7
2 3
400 743 581 1080 1400 1003 180
2100 600 874 1980 330 1098 1521
2 1
2 1
3800
1900
2 8
7 4
2835 3080 3157 2914 2807 2616 2875 2947
1604 1722 1476 1509 1453 1440 1609 1620
1 7
1
1385 1179 1297 1303 1170 1296 1279
2 6
8 10
8 8 8 72 88 8
9 10 10 11 110 90
2 6
277172 33757
337905 91573 996812 994189 792196 617316
835412 798142 745019 956054 995494 777884
2 8
8 2
7200 8805 18520 4800 11051 7785 13200 18480
1200 2700 1800 1916 3780 3072 4502 2388
1 6
3
4325 3217 1650 7179 6000 6253
1 5
570195
796154 995628 958344 255473 784353
1 4
7
2788 3157 2882 2560
2 3
9 2
21600 17238 6480
1760 4412 4800
2 6
8 5
38 69 64 60 34 88
43 23 40 41 45 19
1 6
4
4367 4444 3884 4155 3988 3600
1 2
2
374 3223
1 1
3
12
1 4
5
9322 8318 8500 9350
2 5
722923 103932
701493 920725 706233 824106 486903
934556 892142 975892 745155 991510
1 6
3
1935 900 1096 1350 311 580
