100
11 5 16 5 0 0
3 1 3 2 2 0
3 1 3 2 1 0
2 1 5 1 1 1
98 1 24 49 0 4
92 1 19 23 0 0
26 1 60 13 3 2
90 1 30 45 0 3
97 1 97 47 0 1
94 1 24 51 0 4
93 1 98 46 0 1
28 5 50 7 0 0
96 1 31 51 0 3
98 1 92 48 0 1
92 1 90 45 0 1
75 3 48 5 1 3
90 1 98 44 0 1
93 1 96 45 0 1
51 1 89 29 4 15
88 5 36 100 1 52
93 1 95 45 0 1
100 1 31 50 0 3
99 1 99 49 0 1
94 1 49 49 0 2
99 2 2 8 0 0
35 1 29 20 4 2
94 1 31 46 0 3
100 1 95 50 0 1
98 1 23 49 0 4
100 1 31 53 0 3
97 1 95 47 0 1
96 1 95 48 0 1
27 2 61 14 7 6
88 7 48 60 0 0
56 1 90 6 1 4
92 1 96 46 0 1
93 1 91 47 0 1
93 1 97 46 0 1
38 1 93 16 4 6
99 1 95 50 0 1
37 1 47 18 2 3
78 1 53 83 2 17
95 1 45 49 0 2
91 1 95 46 0 1
93 1 91 45 0 1
91 1 97 44 0 1
97 1 96 47 0 1
90 1 47 45 0 2
80 15 55 89 33 87
82 1 55 30 1 3
91 1 91 46 0 1
18 1 94 8 4 2
82 1 72 28 3 3
95 17 94 62 40 1
93 1 96 47 0 1
97 1 46 48 0 2
91 1 97 45 0 1
96 1 96 47 0 1
78 2 20 40 4 26
78 6 85 50 14 6
72 1 88 34 2 13
100 1 90 50 0 1
94 1 92 46 0 1
100 1 99 49 0 1
98 1 97 49 0 1
63 1 58 34 1 7
97 1 31 51 0 3
89 2 99 71 53 2
90 1 96 44 0 1
100 1 24 54 0 4
99 1 97 49 0 1
46 1 43 22 1 7
95 4 23 34 0 0
91 1 90 44 0 1
97 1 31 49 0 3
96 1 93 49 0 1
8 1 41 3 3 1
69 25 55 35 11 6
99 1 90 48 0 1
92 1 95 46 0 1
51 1 45 28 1 12
91 1 94 46 0 1
91 1 96 44 0 1
93 1 22 45 0 4
92 1 22 50 0 4
89 1 77 40 1 11
100 1 24 49 0 4
36 41 85 76 28 49
96 1 45 47 0 2
96 1 49 47 0 2
97 1 90 47 0 1
92 1 95 45 0 1
92 1 97 47 0 1
83 2 80 47 6 9
100 1 47 52 0 2
85 1 9 82 3 2
17 1 79 8 2 4
42 1 61 41 4 14
99 1 94 48 0 1
91 1 89 7 2 1
