60
1 2
4 6
4 7
5 6
5 7
6 8
6 9
7 8
7 9
8 10
8 11
9 10
9 11
55 56
55 57
56 58
56 59
10 12
10 13
14 16
14 17
15 16
15 17
16 18
16 19
17 18
17 19
18 20
18 21
19 20
19 21
20 22
20 23
21 22
21 23
22 24
22 25
23 24
23 25
24 26
24 27
28 31
34 37
35 36
35 37
36 38
36 39
37 38
29 30
29 31
30 32
30 33
31 32
31 33
32 34
32 35
25 26
25 27
26 28
26 29
27 28
27 29
28 30
33 34
33 35
34 36
37 39
41 42
41 43
42 44
42 45
43 44
38 40
38 41
39 40
39 41
40 42
40 43
43 45
44 46
11 12
11 13
12 14
12 15
13 14
13 15
44 47
45 46
45 47
46 48
46 49
47 48
47 49
48 50
48 51
49 50
49 51
50 52
50 53
51 52
51 53
52 54
52 55
53 54
53 55
54 56
54 57
57 58
1 3
2 4
2 5
3 4
3 5
57 59
58 60
59 60
0 0
