60
1 3
2 4
34 36
34 37
35 36
35 37
2 5
3 4
3 5
1 2
4 6
4 7
5 6
5 7
6 8
7 8
7 9
8 10
9 10
9 11
6 9
10 12
10 13
11 12
8 11
11 13
12 14
12 15
13 14
14 16
13 15
14 17
15 16
15 17
16 18
17 18
16 19
17 19
18 20
18 21
19 20
19 21
20 22
20 23
21 22
21 23
22 24
22 25
23 24
23 25
24 26
24 27
25 26
25 27
26 28
27 29
28 30
28 31
29 30
29 31
30 32
30 33
26 29
27 28
31 32
31 33
32 34
32 35
33 34
33 35
36 38
36 39
37 38
37 39
38 40
38 41
39 40
39 41
40 42
40 43
41 42
41 43
42 44
42 45
43 44
43 45
44 46
44 47
45 46
45 47
46 48
46 49
47 48
47 49
48 50
48 51
49 50
49 51
50 52
50 53
51 52
51 53
52 54
52 55
53 54
53 55
54 56
54 57
55 56
55 57
56 58
56 59
57 58
57 59
1 60
2 60
3 60
4 60
5 60
6 60
7 60
8 60
9 60
10 60
11 60
12 60
13 60
14 60
15 60
16 60
17 60
18 60
19 60
20 60
21 60
22 60
23 60
24 60
25 60
26 60
27 60
28 60
29 60
30 60
31 60
32 60
33 60
34 60
35 60
36 60
37 60
38 60
39 60
40 60
41 60
42 60
43 60
44 60
45 60
46 60
47 60
48 60
49 60
50 60
51 60
52 60
53 60
54 60
55 60
56 60
57 60
58 60
59 60
0 0
