700 700 210000
500
0.30 0.71
0.49 0.09
0.54 0.52
0.64 0.19
0.09 0.46
0.17 0.06
0.70 0.72
0.74 0.78
0.69 0.04
0.48 0.90
0.93 0.30
0.51 0.84
0.91 0.62
0.53 0.72
0.79 0.33
0.31 0.82
0.64 0.78
0.27 0.19
0.30 0.21
0.04 0.99
0.38 0.79
0.37 0.89
0.62 0.75
0.84 0.29
0.46 0.12
0.39 0.24
0.49 0.46
0.25 0.69
0.24 0.86
0.29 0.87
0.47 0.74
0.51 0.29
0.91 0.38
0.22 0.69
0.02 0.30
0.34 0.76
0.31 0.84
0.63 0.47
0.34 0.51
0.94 0.50
0.37 0.99
0.71 0.93
0.15 0.92
0.33 0.28
0.58 0.83
0.12 0.50
0.11 0.75
0.98 0.51
0.03 0.47
0.05 0.53
0.16 0.47
0.79 0.02
0.47 0.95
0.56 0.18
0.70 0.49
0.35 0.37
0.07 0.26
0.33 0.71
0.48 0.88
0.52 0.84
0.99 0.27
0.54 0.56
0.36 0.11
0.33 0.89
0.85 0.78
0.28 0.76
0.89 0.90
0.21 0.20
0.92 0.73
0.09 0.04
0.72 0.20
0.47 0.24
0.15 0.29
0.92 0.46
0.74 0.01
0.17 0.51
0.02 0.15
0.39 0.66
0.11 0.56
0.24 0.23
0.23 0.83
0.29 0.56
0.09 0.31
0.97 0.63
0.16 0.07
0.47 0.71
0.63 0.14
0.76 0.84
0.16 0.20
0.05 0.20
0.90 0.53
0.20 0.30
0.61 0.74
0.85 0.05
0.44 0.90
0.46 0.68
0.91 0.86
0.26 0.29
0.30 0.90
0.05 0.53
0.14 0.09
0.29 0.54
0.86 0.85
0.78 0.32
0.60 0.89
0.05 0.07
0.64 0.17
0.12 0.12
0.23 0.57
0.42 0.58
0.64 0.91
0.84 0.83
0.65 0.92
0.23 0.42
0.80 0.43
0.99 0.01
0.26 0.21
0.47 0.45
0.06 0.90
0.16 0.18
0.95 0.05
0.10 0.39
0.32 0.16
0.02 0.77
0.73 0.43
0.93 0.79
0.19 0.42
0.30 0.65
0.12 0.79
0.03 0.57
0.57 0.12
0.92 0.06
0.39 0.10
0.26 0.05
0.05 0.84
0.59 0.32
0.60 0.06
0.22 0.59
0.02 0.27
0.56 0.96
0.46 0.38
0.54 0.85
0.77 0.23
0.82 0.47
0.95 0.04
0.35 0.50
0.30 0.74
0.55 0.56
0.83 0.70
0.21 0.55
0.86 0.26
0.88 0.05
0.92 0.15
0.26 0.26
0.51 0.77
0.98 0.27
0.22 0.72
0.72 0.56
0.30 0.18
0.49 0.06
0.74 0.97
0.68 0.12
0.35 0.59
0.15 0.31
0.36 0.23
0.24 0.85
0.76 0.74
0.87 0.05
0.24 0.26
0.88 0.11
0.29 0.45
0.13 0.15
0.23 0.07
0.30 0.36
0.84 0.14
0.46 0.53
0.05 0.71
0.37 0.45
0.81 0.46
0.57 0.95
0.20 0.14
0.56 0.45
0.20 0.91
0.52 0.40
0.80 0.12
0.59 0.01
0.54 0.60
0.36 0.98
0.21 0.27
0.42 0.34
0.72 0.96
0.94 0.41
0.34 0.11
0.58 0.70
0.48 0.65
0.26 0.07
0.01 0.18
0.74 0.51
0.80 0.41
0.84 0.58
0.85 0.22
0.70 0.96
0.16 0.07
0.66 0.03
0.29 0.42
0.55 0.22
0.43 0.56
0.27 0.63
0.09 0.76
0.29 0.18
0.83 0.99
0.24 0.10
0.91 0.34
0.67 0.83
0.45 0.85
0.92 0.44
0.55 0.81
0.37 0.11
0.71 0.17
0.61 0.41
0.08 0.93
0.48 0.36
0.68 0.81
0.81 0.48
0.68 0.09
0.32 0.35
0.08 0.84
0.09 0.38
0.50 0.89
0.55 0.83
0.18 0.92
0.95 0.23
0.05 0.92
0.58 0.73
0.51 0.76
0.31 0.18
0.62 0.45
0.34 0.77
0.37 0.64
0.05 0.65
0.49 0.22
0.32 0.81
0.10 0.06
0.97 0.16
0.79 0.37
0.91 0.61
0.26 0.29
0.18 0.60
0.40 0.34
0.15 0.26
0.56 0.21
0.49 0.27
0.45 0.88
0.59 0.12
0.61 0.99
0.50 0.25
0.81 0.09
0.76 0.33
0.50 0.99
0.67 0.54
0.29 0.58
0.65 0.87
0.16 0.64
0.92 0.57
0.66 0.62
0.69 0.26
0.56 0.40
0.43 0.48
0.50 0.41
0.02 0.67
0.73 0.80
0.79 0.74
0.91 0.38
0.94 0.76
0.59 0.56
0.48 0.54
0.92 0.57
0.94 0.97
0.53 0.68
0.60 0.58
0.80 0.07
0.70 0.43
0.90 0.72
0.01 0.53
0.21 0.49
0.71 0.36
0.24 0.04
0.64 0.99
0.01 0.54
0.01 0.16
0.37 0.16
0.33 0.07
0.08 0.69
0.32 0.92
0.26 0.14
0.71 0.43
0.79 0.78
0.46 0.62
0.70 0.10
0.65 0.02
0.43 0.82
0.13 0.76
0.86 0.68
0.81 0.27
0.26 0.79
0.90 0.68
0.55 0.70
0.68 0.91
0.59 0.52
0.62 0.36
0.41 0.75
0.81 0.32
0.51 0.60
0.10 0.82
0.77 0.95
0.39 0.43
0.48 0.40
0.04 0.08
0.51 0.73
0.16 0.22
0.80 0.12
0.41 0.62
0.55 0.64
0.61 0.76
0.78 0.93
0.06 0.55
0.25 0.28
0.54 0.85
0.79 0.15
0.55 0.16
0.62 0.25
0.82 0.15
0.15 0.45
0.52 0.16
0.33 0.20
0.61 0.87
0.70 0.26
0.16 0.45
0.47 0.92
0.76 0.20
0.38 0.05
0.11 0.43
0.27 0.47
0.63 0.03
0.46 0.79
0.60 0.90
0.48 0.42
0.14 0.43
0.64 0.50
0.01 0.50
0.63 0.11
0.19 0.66
0.98 0.73
0.58 0.74
0.14 0.02
0.34 0.67
0.60 0.25
0.62 0.55
0.15 0.14
0.87 0.19
0.27 0.69
0.86 0.46
0.25 0.46
0.09 0.46
0.66 0.31
0.25 0.24
0.96 0.50
0.97 0.43
0.63 0.81
0.95 0.23
0.08 0.90
0.15 0.54
0.11 0.21
0.77 0.13
0.77 0.06
0.15 0.13
0.90 0.75
0.77 0.38
0.57 0.85
0.01 0.27
0.33 0.93
0.33 0.14
0.06 0.44
0.14 0.36
0.58 0.55
0.37 0.78
0.51 0.09
0.56 0.07
0.99 0.84
0.04 0.98
0.23 0.06
0.42 0.98
0.05 0.65
0.59 0.35
0.75 0.61
0.80 0.81
0.23 0.66
0.65 0.61
0.85 0.99
0.92 0.07
0.72 0.76
0.76 0.41
0.37 0.58
0.53 0.37
0.82 0.35
0.25 0.62
0.81 0.97
0.71 0.32
0.30 0.83
0.40 0.21
0.84 0.26
0.98 0.92
0.41 0.09
0.94 0.71
0.50 0.26
0.65 0.54
0.88 0.01
0.88 0.27
0.28 0.91
0.58 0.49
0.62 0.18
0.56 0.15
0.01 0.64
0.14 0.07
0.23 0.51
0.13 0.91
0.56 0.82
0.60 0.32
0.35 0.03
0.29 0.14
0.33 0.34
0.74 0.18
0.87 0.64
0.32 0.64
0.57 0.15
0.83 0.34
0.85 0.05
0.44 0.34
0.52 0.93
0.90 0.56
0.36 0.66
0.53 0.59
0.35 0.87
0.31 0.61
0.01 0.60
0.07 0.23
0.90 0.35
0.65 0.73
0.43 0.76
0.47 0.97
0.29 0.82
0.96 0.73
0.45 0.94
0.69 0.59
0.25 0.73
0.26 0.51
0.17 0.02
0.16 0.50
0.35 0.48
0.34 0.31
0.78 0.17
0.99 0.94
0.97 0.43
0.94 0.39
0.25 0.26
0.59 0.82
0.18 0.03
0.24 0.36
0.77 0.13
0.46 0.96
0.30 0.92
0.56 0.04
0.08 0.08
0.44 0.02
0.39 0.22
0.48 0.80
0.51 0.37
0.13 0.91
0.49 0.73
0.26 0.68
0.98 0.74
0.74 0.92
0.67 0.35
0.51 0.83
0.65 0.10
0.21 0.13
0.97 0.42
0.23 0.62
0.46 0.13
0.59 0.68
0.04 0.20
0.14 0.39
0.52 0.10
0.83 0.40
0.61 0.43
0.32 0.58
0.26 0.64
0.82 0.11
0.92 0.91
0.20 0.61
