999 10 4995
1000
0.878 0.238
0.484 0.350
0.045 0.606
0.341 0.332
0.518 0.194
0.395 0.299
0.515 0.278
0.787 0.514
0.836 0.051
0.178 0.524
0.244 0.193
0.056 0.929
0.229 0.392
0.751 0.606
0.087 0.400
0.180 0.636
0.471 0.507
0.627 0.405
0.856 0.524
0.116 0.626
0.568 0.642
0.150 0.258
0.321 0.787
0.889 0.557
0.414 0.305
0.050 0.747
0.026 0.110
0.060 0.047
0.268 0.642
0.309 0.024
0.922 0.256
0.484 0.531
0.041 0.874
0.338 0.693
0.813 0.057
0.404 0.683
0.397 0.793
0.468 0.274
0.608 0.685
0.845 0.399
0.663 0.322
0.751 0.204
0.388 0.003
0.322 0.335
0.556 0.139
0.076 0.421
0.294 0.957
0.862 0.024
0.716 0.361
0.598 0.500
0.212 0.056
0.339 0.541
0.060 0.299
0.476 0.354
0.285 0.890
0.117 0.734
0.941 0.256
0.928 0.498
0.228 0.731
0.014 0.024
0.126 0.412
0.595 0.876
0.461 0.180
0.569 0.755
0.579 0.754
0.218 0.249
0.050 0.888
0.630 0.124
0.065 0.073
0.629 0.145
0.464 0.336
0.247 0.651
0.555 0.027
0.056 0.375
0.145 0.670
0.883 0.236
0.462 0.263
0.733 0.107
0.886 0.616
0.934 0.758
0.666 0.605
0.834 0.505
0.028 0.438
0.567 0.250
0.372 0.298
0.708 0.934
0.459 0.970
0.857 0.627
0.768 0.319
0.435 0.719
0.442 0.710
0.260 0.984
0.501 0.755
0.688 0.470
0.238 0.972
0.370 0.455
0.964 0.233
0.914 0.975
0.551 0.102
0.015 0.627
0.397 0.420
0.825 0.652
0.789 0.759
0.645 0.529
0.794 0.585
0.197 0.557
0.126 0.258
0.048 0.172
0.635 0.219
0.983 0.965
0.383 0.970
0.362 0.659
0.418 0.722
0.753 0.506
0.728 0.794
0.420 0.854
0.008 0.154
0.420 0.867
0.175 0.682
0.389 0.617
0.803 0.041
0.299 0.058
0.904 0.234
0.731 0.592
0.709 0.249
0.474 0.233
0.396 0.349
0.476 0.574
0.919 0.921
0.472 0.084
0.369 0.945
0.804 0.420
0.524 0.477
0.257 0.788
0.540 0.736
0.941 0.539
0.916 0.668
0.528 0.526
0.192 0.077
0.372 0.929
0.019 0.706
0.339 0.551
0.552 0.862
0.357 0.794
0.318 0.446
0.022 0.835
0.987 0.499
0.768 0.705
0.720 0.632
0.433 0.267
0.013 0.932
0.237 0.336
0.208 0.216
0.499 0.411
0.103 0.738
0.611 0.760
0.315 0.719
0.088 0.843
0.330 0.279
0.726 0.306
0.415 0.676
0.181 0.032
0.802 0.917
0.492 0.978
0.823 0.132
0.370 0.793
0.922 0.298
0.287 0.438
0.705 0.197
0.654 0.302
0.457 0.688
0.665 0.548
0.800 0.678
0.558 0.669
0.412 0.385
0.384 0.485
0.964 0.759
0.557 0.081
0.732 0.176
0.732 0.402
0.513 0.748
0.821 0.500
0.804 0.875
0.179 0.665
0.389 0.891
0.266 0.927
0.774 0.910
0.332 0.651
0.134 0.244
0.915 0.231
0.682 0.980
0.209 0.097
0.673 0.607
0.584 0.532
0.401 0.767
0.824 0.027
0.922 0.524
0.864 0.159
0.393 0.723
0.082 0.232
0.194 0.343
0.431 0.158
0.282 0.904
0.983 0.315
0.422 0.338
0.653 0.371
0.231 0.881
0.157 0.299
0.202 0.896
0.526 0.076
0.136 0.699
0.681 0.795
0.638 0.765
0.908 0.183
0.630 0.916
0.240 0.738
0.007 0.362
0.078 0.004
0.907 0.686
0.575 0.678
0.231 0.151
0.592 0.573
0.348 0.919
0.263 0.639
0.165 0.072
0.473 0.543
0.964 0.495
0.796 0.541
0.699 0.044
0.688 0.626
0.657 0.544
0.977 0.179
0.668 0.526
0.961 0.616
0.281 0.787
0.636 0.768
0.574 0.137
0.884 0.961
0.528 0.943
0.640 0.057
0.129 0.340
0.345 0.905
0.622 0.194
0.237 0.986
0.599 0.198
0.267 0.182
0.821 0.710
0.697 0.935
0.970 0.175
0.665 0.287
0.737 0.253
0.275 0.504
0.922 0.016
0.006 0.301
0.470 0.815
0.478 0.878
0.613 0.678
0.889 0.275
0.544 0.349
0.652 0.747
0.283 0.331
0.039 0.186
0.671 0.538
0.877 0.784
0.661 0.418
0.600 0.450
0.315 0.646
0.179 0.696
0.197 0.775
0.762 0.995
0.073 0.414
0.047 0.826
0.091 0.824
0.681 0.904
0.868 0.032
0.268 0.326
0.149 0.811
0.721 0.613
0.959 0.164
0.077 0.889
0.439 0.126
0.007 0.676
0.753 0.046
0.613 0.043
0.773 0.667
0.290 0.091
0.441 0.635
0.692 0.009
0.988 0.285
0.126 0.188
0.438 0.827
0.887 0.120
0.049 0.275
0.364 0.081
0.641 0.738
0.931 0.806
0.957 0.938
0.952 0.681
0.496 0.045
0.421 0.137
0.480 0.209
0.049 0.274
0.881 0.387
0.840 0.927
0.685 0.332
0.453 0.658
0.797 0.837
0.893 0.415
0.289 0.621
0.343 0.843
0.874 0.431
0.155 0.481
0.821 0.260
0.333 0.318
0.691 0.752
0.023 0.457
0.599 0.182
0.830 0.872
0.905 0.596
0.993 0.474
0.513 0.002
0.723 0.991
0.197 0.680
0.248 0.386
0.627 0.016
0.364 0.799
0.023 0.424
0.541 0.251
0.591 0.260
0.871 0.582
0.188 0.793
0.419 0.378
0.865 0.636
0.753 0.853
0.225 0.205
0.735 0.930
0.758 0.097
0.825 0.002
0.585 0.487
0.486 0.102
0.274 0.889
0.457 0.488
0.649 0.917
0.958 0.843
0.777 0.873
0.122 0.609
0.539 0.309
0.186 0.160
0.466 0.886
0.264 0.824
0.756 0.168
0.723 0.969
0.658 0.186
0.475 0.645
0.619 0.906
0.727 0.520
0.894 0.941
0.984 0.086
0.522 0.125
0.357 0.376
0.845 0.802
0.463 0.675
0.002 0.954
0.481 0.957
0.042 0.512
0.138 0.036
0.620 0.459
0.695 0.654
0.406 0.602
0.217 0.020
0.656 0.102
0.665 0.490
0.606 0.134
0.635 0.413
0.613 0.278
0.763 0.358
0.215 0.512
0.105 0.198
0.534 0.902
0.036 0.814
0.688 0.359
0.476 0.376
0.138 0.067
0.468 0.439
0.147 0.445
0.423 0.361
0.756 0.754
0.572 0.748
0.979 0.694
0.426 0.929
0.096 0.622
0.283 0.687
0.257 0.237
0.082 0.733
0.800 0.839
0.164 0.664
0.951 0.537
0.711 0.375
0.836 0.993
0.934 0.168
0.976 0.581
0.294 0.048
0.685 0.058
0.300 0.927
0.039 0.117
0.702 0.736
0.348 0.419
0.097 0.655
0.295 0.972
0.260 0.981
0.164 0.968
0.754 0.334
0.831 0.425
0.602 0.205
0.443 0.260
0.068 0.076
0.948 0.639
0.858 0.597
0.908 0.723
0.277 0.547
0.260 0.162
0.137 0.573
0.949 0.944
0.467 0.942
0.607 0.484
0.331 0.779
0.695 0.009
0.276 0.537
0.782 0.665
0.236 0.675
0.891 0.900
0.917 0.790
0.066 0.017
0.972 0.669
0.596 0.977
0.511 0.017
0.574 0.853
0.730 0.822
0.684 0.494
0.733 0.619
0.425 0.300
0.816 0.107
0.166 0.194
0.775 0.880
0.711 0.164
0.029 0.240
0.316 0.966
0.611 0.326
0.286 0.876
0.323 0.065
0.623 0.563
0.587 0.639
0.364 0.484
0.812 0.506
0.539 0.375
0.313 0.147
0.932 0.714
0.066 0.085
0.050 0.275
0.875 0.861
0.977 0.096
0.722 0.989
0.056 0.524
0.356 0.092
0.520 0.144
0.422 0.721
0.566 0.736
0.668 0.607
0.466 0.609
0.043 0.288
0.704 0.910
0.701 0.380
0.266 0.789
0.256 0.972
0.526 0.516
0.779 0.868
0.394 0.901
0.390 0.660
0.650 0.654
0.437 0.883
0.632 0.514
0.610 0.721
0.702 0.272
0.497 0.004
0.169 0.052
0.404 0.471
0.571 0.441
0.471 0.559
0.516 0.351
0.391 0.173
0.475 0.698
0.269 0.178
0.226 0.284
0.431 0.623
0.845 0.455
0.216 0.890
0.437 0.445
0.057 0.287
0.017 0.458
0.393 0.800
0.217 0.898
0.213 0.998
0.737 0.322
0.276 0.320
0.725 0.988
0.305 0.226
0.482 0.120
0.701 0.960
0.194 0.214
0.573 0.894
0.588 0.041
0.135 0.691
0.706 0.161
0.760 0.780
0.195 0.100
0.253 0.863
0.803 0.503
0.109 0.458
0.002 0.924
0.843 0.685
0.891 0.062
0.660 0.814
0.834 0.592
0.015 0.274
0.469 0.929
0.872 0.129
0.031 0.538
0.710 0.257
0.163 0.653
0.546 0.703
0.625 0.516
0.553 0.946
0.579 0.485
0.064 0.073
0.366 0.634
0.983 0.072
0.963 0.693
0.945 0.763
0.523 0.444
0.722 0.069
0.676 0.930
0.713 0.621
0.525 0.093
0.542 0.945
0.482 0.676
0.067 0.699
0.401 0.544
0.349 0.695
0.645 0.729
0.375 0.708
0.037 0.854
0.581 0.283
0.843 0.770
0.479 0.035
0.241 0.517
0.919 0.187
0.895 0.985
0.807 0.309
0.629 0.864
0.303 0.509
0.294 0.752
0.804 0.553
0.316 0.534
0.271 0.646
0.556 0.385
0.668 0.873
0.421 0.003
0.601 0.516
0.389 0.947
0.406 0.733
0.384 0.173
0.276 0.358
0.658 0.128
0.197 0.769
0.103 0.029
0.748 0.090
0.181 0.168
0.071 0.189
0.869 0.355
0.530 0.225
0.322 0.868
0.900 0.714
0.131 0.513
0.086 0.357
0.407 0.645
0.701 0.104
0.055 0.285
0.042 0.205
0.947 0.654
0.248 0.220
0.909 0.777
0.708 0.218
0.677 0.975
0.002 0.672
0.264 0.387
0.915 0.749
0.402 0.861
0.352 0.020
0.982 0.833
0.155 0.784
0.660 0.049
0.166 0.532
0.054 0.244
0.044 0.240
0.203 0.132
0.658 0.517
0.217 0.317
0.093 0.818
0.273 0.993
0.564 0.209
0.402 0.531
0.792 0.427
0.711 0.311
0.633 0.217
0.992 0.429
0.008 0.167
0.865 0.109
0.431 0.545
0.889 0.956
0.688 0.866
0.315 0.388
0.452 0.163
0.392 0.869
0.889 0.203
0.409 0.806
0.552 0.146
0.892 0.199
0.107 0.357
0.617 0.430
0.685 0.376
0.382 0.779
0.920 0.261
0.688 0.543
0.954 0.808
0.769 0.843
0.959 0.379
0.627 0.520
0.983 0.294
0.009 0.674
0.165 0.075
0.481 0.762
0.589 0.969
0.047 0.321
0.381 0.528
0.941 0.696
0.773 0.207
0.576 0.383
0.249 0.217
0.752 0.832
0.024 0.131
0.607 0.843
0.418 0.960
0.937 0.888
0.933 0.693
0.842 0.984
0.061 0.531
0.837 0.978
0.125 0.308
0.877 0.343
0.715 0.820
0.957 0.854
0.492 0.060
0.202 0.748
0.426 0.575
0.631 0.225
0.752 0.460
0.018 0.409
0.205 0.686
0.496 0.121
0.310 0.778
0.872 0.070
0.801 0.055
0.777 0.333
0.438 0.930
0.104 0.226
0.789 0.004
0.391 0.914
0.766 0.925
0.089 0.405
0.961 0.265
0.853 0.735
0.083 0.884
0.320 0.508
0.037 0.523
0.007 0.108
0.451 0.613
0.281 0.214
0.686 0.523
0.557 0.474
0.636 0.745
0.144 0.444
0.861 0.739
0.423 0.151
0.847 0.436
0.271 0.894
0.446 0.609
0.898 0.142
0.787 0.633
0.536 0.626
0.212 0.327
0.625 0.010
0.022 0.899
0.453 0.719
0.093 0.203
0.383 0.813
0.653 0.801
0.123 0.991
0.764 0.579
0.687 0.105
0.313 0.863
0.985 0.775
0.546 0.319
0.202 0.989
0.464 0.077
0.390 0.761
0.604 0.844
0.962 0.249
0.016 0.978
0.976 0.901
0.479 0.749
0.416 0.528
0.253 0.291
0.866 0.376
0.914 0.964
0.269 0.583
0.072 0.122
0.672 0.623
0.008 0.496
0.149 0.588
0.540 0.725
0.312 0.431
0.665 0.713
0.080 0.515
0.755 0.834
0.643 0.093
0.378 0.212
0.769 0.562
0.026 0.543
0.904 0.619
0.301 0.230
0.708 0.657
0.360 0.763
0.972 0.026
0.653 0.634
0.082 0.016
0.271 0.231
0.431 0.665
0.426 0.461
0.495 0.763
0.889 0.092
0.446 0.639
0.403 0.028
0.510 0.624
0.391 0.032
0.470 0.262
0.495 0.597
0.997 0.665
0.740 0.982
0.735 0.589
0.387 0.616
0.292 0.112
0.740 0.385
0.582 0.012
0.496 0.508
0.176 0.214
0.396 0.014
0.585 0.906
0.245 0.027
0.658 0.188
0.597 0.366
0.498 0.358
0.643 0.182
0.582 0.211
0.107 0.614
0.008 0.934
0.187 0.718
0.028 0.484
0.858 0.120
0.303 0.531
0.062 0.162
0.545 0.353
0.581 0.506
0.460 0.271
0.673 0.428
0.187 0.494
0.719 0.301
0.628 0.477
0.473 0.987
0.361 0.163
0.676 0.135
0.042 0.698
0.111 0.603
0.487 0.506
0.366 0.509
0.834 0.802
0.887 0.624
0.478 0.932
0.080 0.115
0.674 0.129
0.534 0.841
0.023 0.548
0.661 0.728
0.203 0.706
0.288 0.909
0.686 0.656
0.999 0.660
0.294 0.533
0.295 0.328
0.823 0.317
0.831 0.765
0.121 0.919
0.317 0.984
0.303 0.969
0.853 0.026
0.036 0.888
0.752 0.269
0.043 0.122
0.155 0.684
0.268 0.645
0.969 0.735
0.362 0.091
0.952 0.945
0.423 0.107
0.954 0.337
0.143 0.819
0.648 0.244
0.807 0.491
0.272 0.226
0.801 0.748
0.193 0.067
0.554 0.976
0.332 0.102
0.082 0.751
0.758 0.341
0.570 0.412
0.978 0.140
0.648 0.132
0.738 0.390
0.290 0.102
0.382 0.469
0.503 0.684
0.043 0.440
0.245 0.643
0.251 0.218
0.209 0.817
0.715 0.705
0.442 0.834
0.355 0.122
0.924 0.741
0.862 0.017
0.562 0.640
0.353 0.692
0.255 0.712
0.891 0.031
0.959 0.218
0.946 0.950
0.918 0.346
0.067 0.989
0.486 0.015
0.332 0.724
0.213 0.989
0.369 0.049
0.117 0.919
0.979 0.501
0.309 0.158
0.681 0.165
0.398 0.476
0.710 0.848
0.348 0.028
0.272 0.545
0.700 0.170
0.097 0.400
0.352 0.007
0.599 0.667
0.288 0.763
0.171 0.399
0.953 0.346
0.429 0.846
0.198 0.702
0.444 0.803
0.927 0.835
0.261 0.382
0.936 0.585
0.245 0.957
0.542 0.543
0.068 0.255
0.982 0.688
0.361 0.826
0.723 0.632
0.349 0.391
0.109 0.559
0.001 0.785
0.027 0.233
0.497 0.489
0.507 0.673
0.065 0.983
0.425 0.373
0.472 0.408
0.737 0.147
0.729 0.260
0.910 0.984
0.796 0.119
0.482 0.518
0.343 0.627
0.903 0.955
0.853 0.218
0.112 0.591
0.633 0.317
0.478 0.260
0.504 0.005
0.071 0.335
0.235 0.385
0.400 0.138
0.017 0.118
0.066 0.855
0.515 0.883
0.976 0.347
0.303 0.736
0.074 0.422
0.725 0.594
0.717 0.474
0.476 0.347
0.163 0.561
0.460 0.319
0.808 0.304
0.710 0.067
0.118 0.207
0.427 0.743
0.403 0.258
0.422 0.531
0.887 0.922
0.530 0.850
0.716 0.890
0.761 0.350
0.840 0.178
0.270 0.907
0.941 0.452
0.410 0.116
0.830 0.688
0.447 0.009
0.971 0.509
0.702 0.983
0.081 0.824
0.190 0.185
0.938 0.631
0.047 0.806
0.874 0.075
0.283 0.070
0.561 0.140
0.672 0.840
0.064 0.576
0.815 0.137
0.308 0.917
0.677 0.005
0.386 0.706
0.143 0.491
0.374 0.282
0.395 0.709
0.593 0.738
0.154 0.226
0.464 0.919
0.075 0.245
0.399 0.553
0.858 0.345
0.393 0.886
0.865 0.731
0.232 0.427
0.280 0.247
0.501 0.666
0.125 0.633
0.804 0.866
0.670 0.763
0.875 0.297
0.034 0.836
0.494 0.514
0.025 0.772
0.389 0.550
0.518 0.285
0.537 0.117
0.919 0.368
0.548 0.186
0.497 0.184
0.034 0.555
0.658 0.587
0.157 0.259
0.432 0.761
0.764 0.932
0.731 0.712
0.788 0.493
0.188 0.597
0.826 0.734
0.585 0.124
0.079 0.716
0.220 0.508
0.071 0.038
0.708 0.720
0.816 0.361
0.056 0.003
0.362 0.798
0.025 0.902
