1000 20 18000
100
3.000 0.100
3.000 1.600
3.000 1.800
4.000 1.500
4.000 1.000
1.000 1.200
4.000 0.200
1.000 1.100
1.000 0.100
3.000 0.900
2.000 1.700
4.000 1.500
1.000 0.600
1.000 1.600
2.000 1.400
1.000 1.800
1.000 1.400
3.000 1.500
1.000 1.600
1.000 1.600
3.000 0.100
3.000 0.400
1.000 0.700
2.000 1.100
3.000 1.200
2.000 1.000
1.000 1.500
3.000 0.100
1.000 1.700
2.000 0.100
2.000 1.500
4.000 0.700
2.000 0.900
3.000 0.800
1.000 0.600
1.000 0.300
3.000 1.100
1.000 1.900
1.000 0.500
3.000 1.500
1.000 0.400
1.000 0.800
1.000 1.900
0.500 9.000
2.000 1.200
0.100 1.900
2.000 0.700
2.000 1.800
4.000 0.200
1.000 1.100
3.000 0.600
1.000 0.500
1.000 1.400
1.000 1.600
1.000 1.100
0.300 2.000
1.000 0.100
1.000 1.500
4.000 0.500
3.000 0.600
3.000 1.100
4.000 0.200
1.000 1.500
2.000 0.800
2.000 1.500
4.000 0.400
1.000 2.000
1.000 1.200
1.000 0.600
1.000 1.200
3.000 1.100
0.100 1.700
1.000 1.700
2.000 1.000
0.100 1.200
3.000 1.500
4.000 1.300
4.000 0.200
3.000 0.100
1.000 0.800
4.000 0.200
4.000 1.600
4.000 1.500
1.000 1.700
1.000 0.100
1.000 2.000
1.000 0.700
3.000 0.500
4.000 1.400
3.000 1.900
1.000 0.500
4.000 0.700
1.000 1.600
1.000 0.400
4.000 1.600
3.000 0.100
1.000 0.400
2.000 1.900
1.000 0.200
1.000 1.300
