100
795 130
714 151
110 268
422 507
314 763
116 476
559 823
133 57
955 627
147 123
955 124
557 819
849 580
667 788
950 126
996 721
188 709
586 851
730 523
607 453
451 181
917 242
318 165
69 973
548 807
464 46
200 914
216 441
844 217
365 867
893 430
505 414
73 898
870 944
567 402
854 366
657 763
893 210
236 590
904 93
519 466
989 374
552 936
275 494
422 995
262 850
867 616
379 121
578 907
207 299
569 371
345 832
275 159
466 54
70 448
141 792
499 345
571 151
649 906
570 351
465 101
863 24
267 435
526 40
163 712
873 341
526 95
734 689
699 16
744 641
26 796
443 204
622 459
227 574
888 674
987 347
883 876
867 300
669 415
891 196
820 916
605 973
685 590
321 372
968 313
800 939
749 487
397 105
197 246
97 131
126 195
764 751
170 809
625 87
753 58
647 285
817 674
403 775
244 860
663 590
