100
16
-27 43 99 98
-37 95 10 30
89 -7 -95 36
88 62 40 62
24 -74 43 67
94 63 29 43
-91 -72 -13 53
-60 -39 -81 68
-74 28 -33 54
-29 -19 -89 8
-71 50 32 44
-97 47 86 12
-68 78 -84 93
70 -45 -39 75
80 -34 45 15
30 -9 -63 90
16
3 -9 7 4
8 6 -6 2
0 -2 3 4
0 4 -7 5
-1 7 9 10
8 4 0 10
-8 0 3 8
8 1 -6 9
5 5 8 3
7 3 -8 5
-8 -3 -7 8
-2 5 9 9
-5 8 -2 9
0 0 -9 8
7 2 -6 6
-5 -2 -4 8
16
-1 2 -8 3
0 0 9 10
-8 -8 -5 9
-4 7 7 3
-2 -3 -6 9
-4 2 6 3
5 3 -3 10
-9 -7 -8 2
-5 -4 -4 7
-1 -4 0 1
-6 -4 -7 8
1 8 9 10
-7 1 0 4
4 0 3 2
-3 -3 -8 4
5 2 -6 3
2
-20133533 9851900 -13973801 13928080
6547305 -9079905 -5023085 11003991
5
0 6 -3 6
-7 -7 0 4
8 -6 0 8
4 -6 8 7
-9 0 -4 10
16
31377741 -46596926 26454623 13266391
25799104 -34252471 -35220206 63025430
83526160 -83708285 -96233543 49978724
-98354724 -30063562 -14232665 19476220
61107748 58547025 -34189108 87135614
-60643731 402003 -43439975 90085952
31176533 -53111380 52063608 55750065
-48297152 5728787 -97966183 84549872
12198848 -56542442 -89429312 18308440
-23618420 57960404 -33503238 75737693
29459566 -65823643 56377590 75338794
8441199 -83605209 -4030361 55906580
1996544 -92972802 35253439 92534695
-77199103 63359485 -42387186 90112381
75890425 -18366424 -30248235 18502443
-86625825 46357587 -73977893 56838080
16
-6 6 6 4
-6 -9 -4 3
7 -9 -7 3
-1 8 0 3
-3 -9 -4 2
-2 5 2 2
-9 3 8 10
7 3 -1 2
2 -5 7 9
1 -1 7 5
-2 -5 -4 8
-4 8 -3 3
7 -5 4 7
-1 4 -3 1
2 4 -9 8
5 4 8 5
16
-64 38 75 72
-52 -60 -7 68
13 65 13 78
74 52 -17 36
-70 11 -94 50
-22 72 16 74
-23 40 -61 3
74 32 2 26
-19 -12 -11 28
57 -76 11 6
27 -79 -45 92
-59 -46 51 35
5 59 -47 66
-10 44 -71 48
-35 5 54 66
-51 9 -40 97
2
410841 -801892 733797 536942
165418 940571 -758056 135741
16
95025027 56552614 -74596797 54754253
-47162180 -3187292 33840077 24621616
-88479191 -43365906 53884644 25291565
27412646 72730154 -33942629 85257480
-53304790 -61712510 94157893 21329875
-68754690 76084126 6988458 28026738
-40828536 -52648353 -47156236 73220551
-1040880 98512114 -80180663 1788602
14123292 39562432 86284445 20790605
80442338 42120478 76626931 17630252
-36131741 -45656988 -13860414 63817061
-61016650 37037610 -16833626 95543761
97014290 97332361 -53080822 83598370
-39365267 -4388973 -62742505 21520986
-91885788 39151236 -19739134 10010512
33599548 73827572 34982223 61706433
4
177795 587437 -403221 891062
1434415 -416617 -1067002 434065
-939548 -1291154 215881 1138845
1175444 -969731 867078 608465
16
-71 93 -45 81
-92 87 88 36
67 -18 11 17
12 5 -17 47
2 -59 63 29
-9 -8 -84 46
-72 32 35 16
98 -84 -35 22
4 67 82 37
98 -64 50 13
-34 -57 -33 52
-68 -18 44 31
31 -51 86 46
-21 -81 -27 79
-29 90 -41 76
26 78 83 14
5
-3 -8 -3 1
3 -6 -2 7
1 8 -3 4
-1 0 -8 6
9 -9 -9 3
15
62683878 31727854 -29061330 58693952
-52093915 -19355490 18141323 41208000
35782310 -36335571 -49503421 59766005
36559028 57478290 43100887 21476323
47636743 5827365 -22896499 12657277
-51957829 -35257872 10691182 1765751
28832505 -6880393 48443566 26466388
-33965463 50139035 -30311458 46322369
-9430821 3817166 9175975 3331783
-32072474 15989059 -21687490 60119002
-60266840 -61884751 43757335 45434094
28219377 35807124 -35877512 60522621
2207446 -42863465 -3609321 32612476
-12785296 -35944258 -23133015 925028
44820505 61044028 -685593 58018456
16
-30722846 -18798385 35679405 38935350
75869553 -57186033 61338737 6298304
85546862 67329429 -246260 65809780
28489392 21425175 33126446 53338720
73558576 -7424880 -33583145 79509899
-69262550 18445247 35548489 27331238
96887226 86145893 68664966 12163478
21427578 -30489608 -85736188 44859492
71378986 -98198211 -20318414 54251691
53901559 86277940 -94838991 20812567
-30387480 660155 50040861 14741500
-71222180 26904976 26267343 95083082
64519883 -39942573 94311316 33352785
-14629730 -40120826 85675639 44211752
-80514630 17540669 -26574532 43209521
-29131746 10467371 -2837300 45520037
16
13 -28 -8 82
54 -40 90 37
-3 52 -34 69
-19 -32 -8 82
-76 -50 -89 63
97 -43 -12 10
-55 45 -47 50
33 69 -90 43
50 23 -1 20
91 81 -24 45
37 53 44 3
-91 3 85 29
27 -22 -46 56
0 -26 79 84
-4 -79 49 38
45 91 -33 13
5
4 -5 -5 2
9 9 -6 3
9 -8 0 9
-8 5 1 6
0 -7 2 7
6
-21877720 24260774 14449938 2452783
-4578118 8351798 -14642623 20791279
-18523480 -2755813 14709499 7983081
8696629 -17133901 3591837 11093425
-12753025 10023305 -559193 4522508
-15009131 -24090879 7850631 4981672
16
0 -2 -5 4
-5 5 -7 7
-5 4 -8 2
9 -8 1 8
3 -7 1 9
-9 3 -2 6
1 -1 -9 10
0 -1 -3 10
-5 8 -9 4
-3 4 -2 7
5 3 6 6
8 5 7 10
-2 0 2 10
1 3 -5 9
8 -7 5 2
-3 -9 9 2
5
-9 7 9 1
-5 -4 2 1
2 8 -6 3
7 7 -3 8
-5 3 -9 5
5
2 7 -6 5
4 0 -4 7
-8 8 6 5
-6 6 -7 4
-9 -8 5 2
16
78008255 -65261010 7004900 46716545
94774691 -39251238 -24870120 25307672
67257306 -67936403 -8645613 53530427
91410200 -72032869 83683394 25619403
-57661287 34973833 77715455 68190695
84720356 -67423590 -66217713 3985195
91087833 -29292865 43281573 6525576
-51927186 12572353 64090398 73889764
-47773792 -52025517 -61414340 46137327
-91646148 66844372 98219203 8377904
-64436916 -64879450 -60293752 18902594
3575325 -77944520 -84999087 3872602
49089485 -77762364 88183183 59847414
-49597523 -5984739 -61570484 70126528
-59789687 31020783 -5588921 84784058
65882673 56203002 91539540 77476862
16
-34 72 -43 47
50 -93 7 60
-24 -36 -22 66
-54 41 90 12
-91 63 -43 91
-38 88 -59 79
-18 89 -68 76
90 -40 15 70
5 -80 -57 76
-52 17 60 32
-71 61 21 85
-89 60 68 30
83 -50 22 91
32 17 9 80
21 62 -32 35
-53 19 -4 79
5
7 -2 -2 3
3 0 -8 6
0 -9 1 3
-2 -2 9 3
4 -2 0 4
16
-55914121 -89023020 -40904964 87604088
94455841 44018526 -89800628 95491159
-43670523 -8777040 -84796283 70687998
37163122 -85164003 -59016060 94253646
-5350620 -71400738 60214461 99404072
-1119425 39524510 -87732351 13839669
30049331 9330826 -98638255 532824
35950890 23737172 -49795810 44622489
-8811871 -38876133 -87349600 75427234
-80413 27347656 43245462 54324161
-83494165 68163828 -19878073 39779703
71032680 40312525 23146514 32613936
-72942325 77236423 72565382 48433040
12431335 23860272 54639113 18744292
-50400928 -73068451 21011650 47438591
-93406076 87218292 19362161 23938680
5
9330530 -1108839 3696552 2096824
-7240679 9204601 -6403426 8553469
5547089 7534251 7933826 4095536
-9652152 -9402410 4946807 2846534
-7205334 3037968 5938268 4229415
14
48445590 -31279057 -37784303 63824449
-9468910 -53583186 61759273 75516003
57353188 45539249 -38283316 54455843
9192934 -83757171 -4441069 62531228
-28642816 11508703 -14028086 21833380
78376991 85657827 -66192741 31522675
-29131639 34782903 -50384294 31140318
88667610 -85596159 -62215507 29844970
66656576 -20120423 -94327862 27876254
36100176 -49709633 -21922524 31246922
88115265 -89334197 -88652190 85784789
40216110 18104730 -68722512 82232720
32117644 13257313 -46061934 49562069
68134023 77438321 -48041408 21070618
16
-50 0 -35 65
71 -56 -52 93
43 -67 -22 76
-20 89 99 82
-62 71 -3 83
90 -98 44 56
48 -47 30 68
-5 -42 -8 28
-59 60 -41 87
-44 21 -13 48
10 2 86 3
68 -69 -88 51
48 29 79 83
-20 68 -32 3
-98 2 35 19
73 -72 -27 68
16
3 -3 -9 8
9 2 -6 3
0 -6 5 2
-3 0 -4 8
-3 5 9 3
-8 -9 -1 4
-7 6 0 6
7 -8 5 3
-1 2 -1 6
-2 -7 4 3
6 -6 9 6
9 0 9 3
4 6 0 3
-3 -7 6 9
-3 -1 -9 7
-8 -2 1 9
16
9 4 -7 8
7 -1 -1 4
3 -2 -1 10
-1 5 -8 2
4 1 -4 3
-2 -2 -1 10
4 2 0 6
-3 6 0 9
0 0 -5 4
2 5 -5 8
9 -6 6 2
-9 9 -6 2
-9 -9 -2 7
7 -9 -9 8
4 -5 -9 8
7 0 -5 2
16
8 3 -5 3
7 1 0 8
-5 -7 0 1
-7 4 -6 5
-7 -5 7 10
2 -1 -6 2
-8 -8 3 2
5 1 -3 5
9 8 1 6
8 5 0 4
-8 5 -3 3
-8 -3 8 8
3 -1 2 4
6 9 4 10
5 -4 -8 3
-3 -4 0 7
14
4113364 29263016 -31191171 52630431
-46399296 18026177 49114810 13207125
-43171379 -44503793 -55713954 35181920
-39567360 -12725169 58142411 76202812
-42446465 -43639885 42812255 10237782
74003426 62868211 38673057 26312432
10266893 -62623207 -76807305 20559850
-55000284 55741768 -40143320 67989767
-43868408 -12254279 -59888901 936406
-25180181 11174187 56393471 33230710
17545554 5125817 71417814 49937049
-70704144 70496897 38298017 57020105
-24024014 47488895 -28707887 76686322
11075814 23205403 3661462 49708610
16
-67 29 -78 10
-2 -6 -67 39
-89 27 -40 98
88 37 38 88
97 48 -73 10
52 18 -36 56
3 -94 -38 28
30 -24 -37 38
-75 76 -47 94
72 2 55 83
-91 90 26 92
-16 18 34 18
-23 7 -24 75
23 67 -19 25
26 -59 -95 68
-73 -59 -94 89
16
-68 -9 26 29
-59 -89 38 14
-18 -26 -49 61
19 -32 2 37
-66 99 -99 81
-25 -8 -79 45
-69 -57 -89 28
38 -87 -97 93
99 -28 -79 5
30 84 92 46
-23 89 -33 33
22 11 33 22
-30 -13 -7 48
87 -3 -65 78
-57 22 32 25
-65 -8 -49 52
16
18 34 -99 75
-22 2 -92 12
21 50 0 73
-93 10 25 53
67 -41 -18 50
18 76 82 45
-26 -7 23 46
-24 -18 46 88
23 39 39 28
-9 -28 36 24
-70 19 -94 48
-70 45 -96 64
-94 -50 -16 60
-7 38 84 49
-72 71 -10 95
56 94 -7 73
16
2 99 45 81
93 -70 -48 40
0 46 63 32
-78 10 35 65
28 94 -56 55
-1 86 81 78
-81 -17 -10 33
-73 63 -81 69
-68 84 -23 27
79 80 56 31
89 -8 -11 5
21 -36 -40 52
21 -19 -29 38
52 -63 -7 68
-15 98 35 76
-46 80 79 20
16
17 5 -19 13
25 -60 -45 30
-8 13 24 44
-73 -16 -84 69
17 63 -81 85
0 -48 -18 81
15 -10 -44 45
-68 -87 -70 95
-54 -15 9 59
-90 -94 0 21
18 53 -86 10
30 -53 -67 45
90 91 53 21
63 -30 36 49
-36 21 27 93
-14 2 -27 48
16
6 3 -5 9
-7 -6 -1 8
9 -9 2 6
-1 4 -9 5
9 -3 -6 8
2 -6 1 1
-2 8 -3 6
-6 -2 5 9
-6 -4 -4 1
0 7 -1 4
-4 -4 7 4
-2 0 4 9
1 -6 8 3
-4 2 4 10
-5 -2 7 9
6 3 -3 10
16
98320759 -80619195 -24849978 81814816
37979853 64380746 72167781 61313933
-95096851 -46952551 -72556734 513941
-67712908 31781930 -99508515 24376908
25344908 -46766797 68229566 34075234
-45595897 68406400 64659767 57269045
-36827549 18582976 -99551100 31571932
24624186 32085871 -38467238 85699321
90492105 -62592579 29919946 39502682
50665865 26094266 26941780 32353865
44117899 89622908 8819923 17902553
8371023 -49474483 12161820 77848657
-3145410 16064328 39290860 9474530
69210806 -1493562 29794357 68654786
56736137 1008649 -6925363 86832190
68261638 4734741 -82644262 14660576
16
3 9 6 10
-1 8 -6 6
-8 9 2 9
7 5 9 2
2 5 4 5
1 5 -6 9
4 5 6 4
0 -3 8 3
-7 3 1 1
6 -4 3 6
-1 -3 8 10
-4 4 -1 4
0 -7 5 2
6 1 1 2
6 -6 -7 5
5 -3 9 8
16
93 -23 -42 70
97 6 -67 88
-26 28 -10 99
-45 -41 14 65
52 -26 -70 51
64 -72 88 58
-55 97 -16 35
-26 -84 -98 89
13 -53 -6 11
-28 12 13 6
-2 -15 50 44
-67 -77 -24 70
-23 9 15 2
21 -63 -31 46
44 2 -75 57
-77 99 -71 43
16
71 70 0 34
30 70 -31 71
38 -37 -41 10
-28 -85 -84 48
-16 -66 9 33
-62 65 25 79
-56 0 54 52
-95 61 27 52
-63 -50 4 20
14 51 85 73
62 -50 -82 18
-88 -21 22 12
49 -62 47 45
51 -63 36 46
-21 17 95 8
-29 -76 -16 6
4
1 1 1 1
2 2 2 1
4 4 4 1
5 5 5 1
16
46 92 -1 34
-54 -5 -77 28
-65 -75 83 61
62 52 63 74
90 -20 18 78
-19 62 -40 96
18 -74 66 38
1 -49 -25 41
88 -65 -26 21
44 49 49 43
-42 89 34 48
52 -36 -68 69
-93 8 -99 66
-77 -37 65 42
66 83 -30 21
-16 68 7 74
16
-22017052 -58758787 -11654349 55047858
61448777 11497892 19606179 88619613
-39850505 -43423886 72950383 55161408
91627835 4953734 -6909635 41937802
-76924896 33002128 -61329358 86356758
-72983708 -93920966 54984909 17605856
-74591089 6225467 12628754 37908244
38095489 -93069651 -6411664 39427214
65837651 -33881366 7037307 46737200
68366666 33093956 -5921029 80815564
-13422290 -98421418 76005334 54971326
41150441 45395921 238528 14001960
-6650192 -5945525 -50030499 67766743
57067807 -67020293 -27936556 71817552
86373937 -52633114 22144714 40325960
98150048 -47813636 -72579418 71062773
1
1 1 1 2
16
-8 7 3 6
-7 3 3 10
3 -9 0 2
0 -7 -7 10
-4 3 6 3
0 -9 -3 1
-6 9 0 8
2 0 -9 6
6 -7 5 8
-4 0 -5 6
1 -5 -2 10
-2 8 3 9
-2 -6 -7 5
-5 -3 0 8
-6 -2 3 7
-7 -8 2 8
16
80 -57 83 54
8 -80 -64 80
-35 -4 -19 83
14 50 -49 30
95 17 -18 80
-2 85 -95 94
60 -25 -89 10
8 -43 -60 16
9 44 49 33
-67 -64 -84 32
32 77 82 40
-72 0 79 56
-39 70 -96 57
-97 89 -74 87
10 17 72 87
54 78 31 60
2
1 1 1 1
100000000 100000000 100000000 1
16
-72 59 -22 2
44 43 18 66
79 96 39 45
-23 79 58 23
-62 -1 64 48
86 -48 -14 12
-84 -76 49 16
40 -11 63 92
73 66 -69 28
-34 74 1 56
-15 -67 -20 15
21 81 -2 30
-18 -21 -76 32
97 -58 37 57
39 63 75 59
47 -72 98 36
16
-72817946 85064731 78229494 56988686
80776346 -77271779 47612942 15794979
28065850 -40128881 -29084550 66752367
-3745616 -59594677 62099706 93712507
-34679124 -64775278 89842057 91997914
20587903 -48986599 29236470 91724755
-29365764 60036084 -19989477 24387754
1590379 91140120 -46808896 59748014
-8908602 53460519 63793687 3601150
6152096 -48115415 71507834 80620602
744305 -72345355 51459899 40058037
-23965728 64445789 -35538774 83408457
-82347670 95672821 69496522 39876703
85806561 -43477852 -98026706 71215010
-69534541 51835610 -22121081 5421620
-26097333 -45479655 -51690571 28135522
5
5 -7 4 7
2 -9 -9 6
-6 1 -7 1
-9 -9 6 5
-3 3 9 2
16
4 -7 9 2
0 0 -6 5
8 1 1 6
-4 -7 0 4
6 1 -6 10
-6 1 -1 7
9 -2 8 1
1 5 -1 4
-4 8 -9 4
7 -2 -8 2
-1 -9 3 1
4 0 4 6
-8 0 0 5
1 9 2 5
-2 7 -8 8
-4 9 7 6
16
-81244310 -27877714 -54205391 87046171
91132245 -80164315 51777269 77094597
-54973902 -58495410 -58621273 6898384
33360602 -13732199 14679300 78146961
4360590 26393553 -34356335 93176929
41078078 -32739450 -72243174 43648484
-24020444 73259431 -74872220 66067902
33493493 25482637 39604439 13896512
6800091 44559824 -17550862 96765583
4423549 42458862 76588906 30228304
-1348433 -73876786 -77976791 9395928
5365363 -27980181 19968015 10745658
12088806 -24642168 13129874 30049580
-30680737 79331514 22929069 85638619
-99517976 -15866922 42639822 78751639
73132965 -40663917 25836392 69873539
16
-1 -25 -54 17
0 -27 33 43
-36 50 19 100
34 86 71 46
74 58 -87 90
42 6 -20 1
-5 94 60 81
79 31 -18 91
-41 35 -17 93
57 -81 -10 46
-30 -97 -94 30
-7 9 -1 53
71 -94 -68 82
85 73 54 94
64 91 27 83
21 11 -19 68
16
-4 -2 -1 9
-6 -9 0 9
-4 5 -1 8
0 8 -8 7
-2 -5 -9 9
0 6 -3 1
-3 8 -4 3
7 -2 7 9
-7 -6 -7 7
8 5 -9 8
-2 7 0 9
6 0 1 4
0 -3 -2 7
1 -5 0 8
-1 6 -8 5
0 4 7 3
11
-7423071 8977443 2358168 1827793
-8088762 -5637829 9286284 1051636
12155039 -12450292 -6365871 11183570
-5194220 -2830752 404305 16659441
6009004 11110299 -8028926 1626156
-10387094 -3453948 -14295705 16453313
-6452894 375852 -16146174 11295058
5382950 5349531 2273634 2665614
13460262 12978280 13682645 15772247
-4582476 11051629 14512567 3622786
-5332404 -2947002 -2587718 13264138
3
1 1 1 2
2 3 4 1
5 6 7 1
16
-52 64 -86 15
14 45 34 96
24 -3 -47 22
-74 79 27 96
77 30 13 1
99 14 64 79
51 -73 -56 91
3 11 -45 53
-25 47 -9 33
-22 -33 -15 40
-80 -17 -79 59
88 -48 -20 22
17 25 53 46
-62 77 33 63
48 1 -77 64
9 -73 -38 41
16
45 -97 21 98
-85 -92 -64 88
-50 23 59 74
28 74 -43 54
-44 -83 77 27
-98 75 72 64
-88 -2 -41 50
-52 -75 -7 98
3 -51 53 42
-31 -19 -70 18
-94 -32 80 23
-73 23 45 60
-4 -56 -46 60
99 52 -13 65
83 -33 33 13
66 -86 68 70
16
23194006 -84303171 13244372 45119438
60772618 -53340362 -26134519 80768261
58006080 13771409 -43641920 35309442
-54777419 -47057794 3819196 831874
2933739 82165759 21400532 50317182
-87161256 47952970 84811585 63549270
63462456 44317529 -11397198 47971533
7555470 83280973 -19972323 20044458
-76307872 -20876330 -92515489 57885710
13916021 -60719242 -38382791 1527504
-75710728 65076772 4631371 13158073
-68544921 13645956 -44098505 90949635
64070828 10994091 -71345348 72136665
-16377189 -82538725 61972587 83886841
-52871730 37930696 71961134 72788347
29108858 -85946418 42466771 26270524
16
67 -17 -2 28
-82 9 62 72
-47 -25 -80 58
67 75 94 35
-21 1 50 9
-52 35 -6 42
-69 64 -98 66
-79 22 -5 92
-99 -25 43 14
93 -21 -66 37
72 -29 -81 62
79 78 55 62
12 52 -3 38
-46 -50 7 42
-73 77 35 92
-68 -5 -85 63
16
72 -43 59 38
48 -12 31 94
-93 2 -55 92
55 26 -81 24
61 -67 -76 18
-36 6 21 63
53 55 5 47
-60 89 -61 55
-43 29 55 90
-31 -58 -94 9
-16 -70 -74 68
-31 66 -98 61
-60 -66 -46 12
-53 0 -3 9
97 -16 63 35
-37 -2 3 14
5
8 -5 -3 6
3 2 -4 8
-1 -6 -9 1
3 -1 -9 5
-5 4 7 4
16
29104643 93119470 -14141708 82039749
-8453024 67908884 -25032110 44130396
-63224101 -88342147 28132191 59673546
-54706723 -55399417 -34123219 36708748
36960519 -34745136 8071476 64722394
-22213184 46762141 89678532 6265315
-67226994 -50395710 -19710974 79222531
-359517 -91412427 73737019 91421063
-7860238 -80646162 25983178 15918625
34054654 -33157370 -9215257 39450400
-51410141 -45715714 79873034 54120935
-99584009 33343464 -84502658 7526120
-10756029 -51463534 46828129 68469730
25327659 -36904705 -95789602 20682857
-5004859 60133256 2121180 80084840
34510567 34205773 -94358731 86554455
16
-94806082 -92509231 91263143 91589010
30554003 -53579890 -80279456 77190538
-10073813 45845322 67331536 72696692
-26773251 -59528880 -93872027 76700256
76516289 91360831 64307834 21790218
8087329 65895578 84706794 95955198
-17502603 73145734 -67275611 46902720
-87123499 19599410 60879614 61447992
-7267994 -38148247 19413814 7623008
36238000 -81929576 10855467 87999366
-48078613 83954562 -46882248 45673986
66674211 45093056 99485439 20210813
12881405 -81658804 -97278075 3933684
-69208241 -64073042 -67727973 2287923
-31099792 42803639 66161100 49792327
-65559701 47982663 -70015261 38547976
16
38914729 49340837 40524271 51870828
-46000650 18278287 50911097 67255893
11721575 -18658962 -20506889 71464189
-28521687 -50870895 -10895546 57082231
17598968 -81433809 25274653 18607131
-69408252 74087285 -77951856 15734640
-39234079 -86599859 -79968440 76138459
10846455 57973773 75539111 46427726
-86434657 -17490410 -72709125 81746434
11964232 -10724689 50724087 21132968
-42656397 36867606 3732235 46826586
-87310003 36945498 -40563896 55114383
-30083461 -15522562 19970166 48512653
-6659745 44239539 10339217 13976918
-61063304 -35109884 -55285784 9961759
-59018019 60397671 -80093060 72445389
11
927141 1948096 2927053 1823148
1510385 2903250 -2613092 284965
891810 1093212 1472313 1962149
600632 732607 -2736370 354484
-104824 -216303 -1614493 3048879
-1762237 2092715 -2172978 1540463
1627448 1825426 -2329324 2268098
-643015 -1450935 1395593 1952118
-1352653 -2306601 146846 2868755
-2140652 -2759010 -217656 1616892
2390634 -378043 -1976272 978722
16
-2 9 -7 7
-3 1 6 9
3 -8 8 3
-3 -9 -4 9
3 -2 -1 10
8 -5 8 6
4 -3 0 10
-1 3 5 1
-9 8 5 2
8 0 2 3
0 -9 -5 5
7 5 6 8
-3 7 -8 10
6 0 0 6
-2 -9 1 1
-8 6 6 9
6
-42822604 71767503 -61197893 25056072
-1923166 -16554739 23330904 50067783
-17934968 45270998 -44612836 47097656
54195567 -57876719 35477512 29360911
26615380 31969837 70739057 57621074
10703078 7630856 73939481 61242988
16
55 -35 -1 19
69 77 -55 46
-92 93 60 64
-22 -57 -29 58
88 -30 -48 93
-2 -10 -37 53
93 -97 44 54
56 -16 18 11
-99 67 -72 84
-72 28 22 51
59 2 -40 42
-36 -95 -51 25
-21 -34 -67 14
-39 -96 18 39
-40 -88 49 5
-41 97 34 24
16
-13520502 3693499 -80913226 50010177
65888334 -67186272 -51165484 33861525
84696146 47683633 -44687028 71794503
-61084807 -84447969 58030633 90976692
-75695123 68023256 -70129185 28995435
51042411 -31521963 -36977462 67482907
40659299 -53860783 94392698 8348416
-91596078 -80142918 -1538653 31165113
-59569286 -74658156 16417329 76996388
-86546514 -58508174 -4805886 12068727
94299700 -79551633 2769684 12830798
49678734 21179212 80022937 46472050
-34077942 30153513 -49801277 28911639
-18734958 58424377 -71956657 419454
76762543 -12488179 733764 11053948
3503448 23884744 17958116 46973347
16
-39081628 -17220157 33850407 48563862
57712107 -20700525 -5062589 56898861
-19551528 93302052 8492808 6038421
-80453942 78826766 4191043 12249285
99174167 -38519807 -70950269 93924605
-57317028 42488466 -6620643 41634786
11683232 51049997 -22990869 56174371
31483677 62212790 14857719 26533125
71565114 -38782408 80243706 61511430
-51193975 7952385 -79578154 76056493
-86198798 70207629 42639845 34149496
-65630715 42840217 93710825 14084717
8568544 -40617841 -61970713 3389293
-42214419 -64900721 -4842758 54435752
36937265 -83008595 46989209 26050798
89629055 12716644 92599877 57406867
16
75 -41 81 4
-32 -68 -90 35
-55 28 -94 83
24 3 -77 61
-84 33 21 82
54 36 56 48
-46 34 56 29
-50 10 -14 19
43 78 -20 93
93 25 -18 35
-74 -34 82 28
38 -7 -7 68
-73 -38 23 98
95 -89 22 38
-40 -23 -96 89
-78 67 59 62
16
0 3 3 3
0 -3 -5 10
-8 3 -9 4
-6 9 -9 6
-8 5 2 4
8 7 1 6
-9 -7 6 5
-7 9 -8 1
9 -7 9 1
3 -5 1 5
4 -1 4 4
0 7 6 5
-6 6 -1 6
2 5 8 10
9 5 -9 8
-5 0 -8 8
16
37 -99 -97 85
64 -97 -89 68
7 -5 -89 100
-90 -55 28 14
-14 -88 -5 15
2 -98 -11 75
0 41 67 60
-56 58 -82 82
62 95 -67 81
-24 46 -47 98
58 -72 -89 72
56 30 -11 63
46 96 -76 38
43 -69 -53 99
1 -95 -61 23
-50 -45 1 24
14
1286383 -3625765 5512374 5025523
-957240 2741556 71099 7830438
-1686065 -5966681 2543870 9080208
3527432 5076751 6715988 7397812
-1481377 -9075102 459780 1177799
5972154 5340568 5719414 241546
-5790514 -8071982 -4831839 1583353
-6512957 -217678 757937 4870810
-6611173 -2685491 -4516852 9134808
4113880 9449853 1296327 6569548
6152990 6811092 -3918380 7248699
7887467 8832050 1538405 3549053
1433590 -8419862 5881652 4828682
9535752 4380359 -2955628 3706657
16
3 3 -3 8
-5 0 9 9
-6 0 9 8
2 5 0 8
-3 7 -7 3
2 1 2 10
1 -8 6 8
5 -6 4 4
4 1 0 7
-9 1 0 3
2 -1 -1 5
-9 3 3 7
8 9 6 5
-6 3 6 1
6 2 -5 6
-6 -1 -6 4
16
-8 -2 -4 3
6 7 -8 9
2 -9 3 10
-3 4 7 10
-5 -3 0 2
6 5 4 6
3 -3 0 7
3 5 -9 9
8 -9 -1 10
4 2 -3 8
-7 2 -3 2
-3 8 -9 7
0 7 9 4
-2 2 2 2
-7 0 5 10
-8 2 2 3
3
1 1 1 1
2 2 2 1
4 4 4 1
4
2053829 8429506 -58708283 41042325
14895332 13461615 50915376 45195274
43583616 25908499 -30383602 5559127
-39335074 35286325 10017253 45030419
16
-6 7 -2 3
-7 -9 -9 5
-9 5 1 2
5 -1 6 3
9 -9 4 4
8 -6 -9 3
8 -8 -3 8
-4 9 3 6
1 7 -7 8
-1 -3 -9 7
9 0 2 2
-5 -8 0 4
5 8 4 2
-3 0 -4 8
6 -5 -6 9
-8 -9 2 8
16
86310703 -71491583 69284194 27529259
-83771259 -30918551 10793899 24426779
-15636657 78862529 49515394 28226338
49020955 6793487 -94593902 46426133
-87193779 3832999 98258623 73416435
67542818 -945692 -89009087 29816109
99802986 54242886 -58937655 20529919
-60969401 -1272608 -20129295 1156720
67239549 -47582852 -12708628 80454164
-10967251 -6386949 24239847 34856852
-65765286 -64672959 29462161 33524270
-40916169 6570539 -9579561 11875928
82225208 13032647 -53550877 56414440
66259505 36868602 53869895 13285883
30626094 48142733 99850487 61959654
81829001 48000274 93818208 77147093
16
39745697 -64060329 29381117 18382344
-51393992 -58259045 -86301037 81675564
36844096 -5406924 92090853 81690188
-66728287 87111806 567665 95405034
-4774588 -76056907 65577317 19130005
-94958435 -37512347 66265934 36069333
52566971 -17744895 -903862 48306057
-45511068 -29996243 71883261 10097680
24967278 5502712 -49765475 26778504
67859144 -98424859 79076299 9170007
45342233 45239339 39282296 92352977
40186159 -40659032 24079463 2969287
48479076 13066965 -47528246 55704573
-49810073 -82483075 31871561 80486798
63464212 -42173155 11135499 11748354
-50417795 4101329 46598191 81333886
16
-30 -77 -12 72
-42 73 46 73
22 -51 9 60
48 9 -45 26
50 84 -78 15
42 85 59 81
57 4 80 58
42 68 66 18
-63 42 3 47
-33 -60 -43 60
2 -91 28 40
61 -49 -76 46
-94 62 22 77
26 -74 -29 88
72 46 92 87
73 77 90 90
16
-6 -7 -5 7
-9 -4 -6 1
6 -8 9 2
-5 6 -2 10
9 -6 0 1
7 6 -9 8
6 7 -6 8
-5 1 -7 5
1 3 -5 8
7 8 7 1
-6 7 3 9
0 -8 -3 1
0 6 3 7
-8 -4 8 2
7 -1 2 1
7 0 0 6
5
0 -8 -7 9
4 -7 7 4
-9 5 7 6
-8 0 2 10
1 -2 -5 10
16
-3 6 8 10
4 7 -3 3
-8 -4 7 10
8 -7 -2 6
2 9 9 7
9 8 -8 5
-2 6 -4 6
-1 -5 3 5
-8 0 -1 9
-3 7 -5 9
4 2 -7 1
1 6 -7 4
-1 -8 0 2
-4 -2 -5 2
2 2 2 7
0 -7 -3 9
16
-97981054 93445395 -74880864 78222578
77198493 -59650567 33452716 6247628
5409373 6667080 47002888 10783216
253005 -21837162 41680005 9454989
-59638121 -56428334 99753710 94710877
-27150926 72933453 59432273 52799224
92884989 59046851 -43215516 38015335
-42734757 48798550 1096968 99260568
-42776973 61231907 69725242 17583327
69478952 12294202 -98555667 53495651
-57987940 6294874 -78536047 6716349
74267916 -44731683 -73473904 12506788
-74570872 -11767354 43105324 24795644
12830566 42378969 -15742532 31455750
66814551 -37467751 -20294261 33224478
51346661 -39940826 -97709063 95133603
16
-43 82 -47 25
46 -89 63 78
-87 76 -80 85
-34 2 -29 53
69 0 51 14
-50 38 -92 58
-7 34 -72 17
53 -53 -66 30
95 82 88 82
-39 -95 -92 90
84 47 -30 39
2 -55 93 100
-59 28 37 23
-25 4 -62 10
54 -98 0 36
-30 -73 27 45
2
1 1 1 1
100000000 100000000 100000000 100000000
16
21 71 76 10
-44 90 -22 77
28 -70 -72 40
-99 73 -33 54
53 72 -28 23
-4 -32 61 36
35 -11 -12 9
84 -48 -96 60
29 64 20 61
48 -83 -49 59
-10 -93 27 62
39 -69 -84 63
-80 22 53 97
-26 9 11 32
-60 -41 48 21
-76 -33 -81 44
16
-58589372 1291120 60263221 13732459
-72152347 48078847 50059621 96135941
-59964074 -86200975 -70336951 66825561
-45148129 43416423 11116824 49694310
12909257 23574010 9022227 96006203
21801800 -62255013 78254899 2711318
80830873 -98847258 -94091402 33866229
-16944705 53208141 25370590 30801473
36487414 -80495781 -42139662 78444358
-3678241 -26966912 -12249809 24466893
-90504709 27178209 -1001641 64646882
-95093043 98513109 95856012 74130584
73742954 57448407 -84975108 64659744
79631122 -43104101 -33530662 13822109
45780471 38289000 63881427 12653467
-64883068 77300347 -65148138 77046565
16
71182967 -7640389 -4950447 68134389
-572124 45446383 -93131917 48228562
8874449 32200662 -44981111 58040549
-17791724 -91265025 -27568093 47269315
25277156 -94919268 -4146510 47246667
-61613310 15381054 76956166 75588125
-70088084 -76333037 -53733075 59684239
-51230538 -70241138 -96665856 90677001
-24233949 37946315 -66139431 51003934
-70285942 50766952 67458050 94084687
44414216 22189162 38209995 45981187
-91943071 -58181776 90290716 64712225
-39472924 7905577 87673796 18250685
-53813228 21770969 -24208124 8514775
91666174 -55115812 75726780 3099044
13936776 -1596581 -40432130 54086161
5
-2 6 2 4
-8 1 0 8
7 -1 -7 8
4 -2 -2 9
-7 0 4 1
16
10 -66 -68 50
16 -58 -37 78
63 -63 -58 17
-30 2 28 64
-59 74 37 72
-5 -73 -85 87
74 -64 -34 12
92 79 -44 7
72 -21 -77 6
66 77 69 98
-7 -84 15 72
-1 -34 -44 16
88 73 -12 96
41 1 34 85
56 -81 -69 49
-36 -71 -49 31
16
-4332202 9766545 15788661 17516779
21385835 1115147 39712491 33075060
-54971349 -7112397 -26793035 27391020
99048521 37401531 -71734481 32296973
-59233056 46519757 78574601 17428103
94363262 34944881 64927964 29016553
-57156808 -14607964 -56159480 64017999
35468867 -43925370 -4088557 19681812
28339390 51978783 24715697 3654058
3290298 -73598511 23202755 65919012
-40647071 -47451915 -48749330 14964741
4908810 31499091 -56796939 27411420
60885496 47093230 -59372774 81830037
84088471 85484093 -57388100 37548684
-33107207 -55984046 -22294826 24074511
-23560508 -91555603 1792433 73879702
16
0 3 7 10
2 4 -4 7
-9 7 6 10
-6 -3 0 1
3 -6 -2 10
-1 0 -2 4
8 -2 -4 4
-2 5 9 10
1 9 -6 9
8 9 5 6
-7 1 -7 6
3 -1 0 6
1 4 -4 8
1 -7 2 4
8 -9 3 6
-3 3 1 5
16
95 63 33 55
0 -7 85 75
16 19 10 60
-37 15 73 64
-44 -5 38 11
23 64 31 98
68 72 -96 98
-6 -56 -61 63
-34 77 33 22
23 31 46 23
30 72 70 84
-67 -80 9 22
-22 35 48 39
33 59 0 8
-98 81 -63 80
-33 14 41 79
16
-38 16 -63 6
-10 49 -76 84
-12 81 70 23
66 -81 -45 18
-13 22 38 45
-2 49 65 79
-93 -62 -47 96
-17 -17 16 36
61 -52 15 80
5 -75 38 73
55 50 90 6
-89 1 5 47
-21 81 -81 62
-48 -92 -79 62
-17 85 -70 73
12 -78 -63 12
