100
9
2116063 -3063385 -805499 1140835
6146311 11901036 6470616 3576695
11793769 -12676599 17354815 15389436
2707010 14386810 14564930 5194633
6386799 -15879576 -2633259 12468878
3438758 13609711 -16251575 15517678
-8937081 5309261 -11488007 17712377
-10760631 15019621 -14911527 1483696
-15691347 -6678328 9281584 16795899
16
-3 7 1 8
-4 5 8 2
-6 2 0 5
1 -7 2 6
-8 -3 -9 3
-2 9 -8 9
-9 -9 -4 7
6 0 -4 8
-7 -2 3 1
-2 2 2 6
-2 -3 -8 10
4 7 -1 1
5 0 7 2
0 2 5 2
9 6 -7 6
5 -6 -7 5
16
-32121984 -52435194 72691439 95405405
39765818 44143662 16511130 35152400
15584979 20481543 -76954031 75164743
22171517 74783827 51674540 52612408
86167036 82115389 32804444 93549948
5495883 -41471703 36629013 24283979
5656495 59436377 94772674 58036263
-71726706 -33201005 32670163 95167454
36861055 296213 64023499 93833465
96827943 39899764 -52541285 52618233
-41686650 -76902210 -69238924 21100972
-16527950 31653586 -82300621 34669232
-67487136 29836685 12924590 32408989
29464441 78758804 87055743 81132563
92113380 86267146 24565925 33659528
-46321201 7276850 25829859 51103809
2
1 1 1 1
100000000 100000000 100000000 100000000
3
1 1 1 1
2 2 2 1
4 4 4 1
5
4 4 -5 4
4 5 -9 8
-8 4 -5 4
-2 1 -8 1
-4 0 -4 7
16
84 54 -49 78
-88 -90 77 38
22 -97 7 12
-32 55 -53 37
89 -2 22 72
-23 -48 78 77
7 -65 -88 61
-48 23 -68 85
73 72 34 89
8 -59 52 95
82 70 -45 72
85 -84 -5 15
26 -50 -18 63
-4 50 -84 44
-36 37 -72 61
-17 32 49 89
16
-60 6 -60 24
-5 -97 -45 28
-19 70 97 44
49 -41 27 60
66 75 -10 28
22 -50 79 64
-25 90 76 31
73 73 64 50
-43 61 95 41
-57 67 83 12
15 74 3 89
31 18 28 83
44 83 43 3
91 42 53 81
89 92 50 97
-5 84 67 45
16
78 -39 29 65
-34 37 -63 56
-16 -64 9 6
79 -65 1 7
71 -32 46 29
76 45 11 83
74 90 3 78
12 -83 6 37
8 -42 -64 82
-62 61 17 54
-80 87 -23 97
-26 73 22 35
80 70 -78 21
42 -53 95 48
-64 52 66 51
-89 -98 -5 58
16
79 0 -35 55
13 -44 13 1
-26 -45 87 54
-18 20 -18 97
-6 -97 39 13
-27 18 82 62
-47 -14 -86 68
26 72 93 79
11 -74 53 55
92 -19 -67 12
1 -25 -81 23
19 -41 -78 42
23 -71 0 5
53 -11 48 70
-67 -32 -19 71
52 44 51 70
4
1 1 1 1
2 2 2 1
4 4 4 1
5 5 5 1
16
-47 38 -17 3
-97 14 54 17
-81 29 12 30
51 -90 -85 15
28 59 59 33
-76 86 -34 87
-88 -3 5 65
69 45 -48 62
85 75 41 43
0 -26 23 4
-57 -89 43 20
0 -35 20 42
-20 2 -93 73
-34 -14 56 17
79 -71 22 87
-17 -57 85 91
16
-37856499 89991575 32481891 41695821
95644150 -73303401 -91583934 31672414
-16980753 48521936 -1449026 98936436
-97795723 -48079177 61545106 91177466
-64329749 89951126 -44431676 503213
-29429919 -94715384 9321036 43326149
-904970 -27514914 64520016 94591728
-65969042 93528162 98721378 43266540
12782837 86960356 78865465 31815188
-23297142 -84834751 13840750 30317484
75678138 -73643631 -13944299 99501537
78464315 94093264 96402837 60714477
47640568 -56497367 -10603520 42568696
-89468986 74383882 29739740 18009542
96096842 -48327024 43886748 5907147
-57831047 5408682 10390005 33245073
16
8 -4 4 1
-4 1 -3 2
1 4 8 5
-6 -2 0 4
7 -9 -2 5
9 -4 3 10
-6 -2 3 1
2 4 0 2
-2 -6 -7 9
-9 2 -3 6
-6 5 0 5
6 4 2 9
-4 9 0 10
-7 7 4 2
-7 -6 -8 1
0 4 9 5
5
1 -6 6 8
1 4 -3 10
6 -7 -2 2
1 7 2 4
2 -4 6 9
5
-6 0 6 1
0 0 1 1
3 4 4 10
6 -5 -3 8
-8 -1 -4 9
16
-5 -4 -2 4
0 8 7 10
-2 -6 -2 8
0 1 7 2
-6 0 0 1
-3 -4 4 3
3 1 2 2
-6 8 -3 5
-2 7 -1 7
-1 6 9 3
5 4 -9 7
-3 -7 -6 10
-1 -5 2 9
-3 -4 8 4
-9 5 -9 6
0 -1 -2 7
16
-3 2 9 1
4 -1 5 3
-2 0 1 9
-4 8 -3 6
-5 -4 4 4
5 -3 3 3
0 4 0 7
-1 6 4 5
8 -9 -7 7
-3 0 -4 2
9 -3 -1 9
-1 -6 6 4
3 -9 0 7
7 5 -8 3
4 -3 6 7
-9 -6 3 9
16
55843347 -92302834 -94918829 56022200
-73449581 37761823 -29735355 62342767
-63100869 -61989278 9968425 38499518
3531606 -30271232 -38443056 60100348
-43891822 -77781884 83266499 89759647
-78185328 98298197 9963752 41729179
-92215460 -56588296 57856025 35709989
-20340802 -26725857 -22111745 32919007
13071153 45535705 -98403592 9214498
-81670091 51490496 -39244817 16523035
1724921 -10768564 44175169 54289416
-54547546 -89999403 -69987166 3793463
44615263 89228820 -77140251 67165745
28060195 28896594 4000773 74618411
-43245590 91141444 78606257 43943598
-22781427 -98233012 65266712 9766379
5
4 -8 -1 8
8 -4 -5 2
0 -4 -6 9
7 -8 -2 5
-8 9 -5 8
16
-14 5 23 4
-23 -40 33 94
26 -38 28 27
-18 -75 13 94
6 83 44 54
-19 56 8 60
-41 -53 -21 98
-49 -23 -83 27
-48 -20 -38 80
-34 -32 -86 1
-94 -59 74 56
95 4 -85 69
20 -94 70 29
-60 7 17 52
-55 51 -26 90
-1 96 39 46
16
5089106 59907778 47407408 88747651
67450748 74754877 -75971402 78956483
-35414179 50896405 -3177514 2071986
16419923 -48511154 64987924 80363726
48253330 30090250 94219368 62549208
41626776 3813209 94200437 25111085
70171839 4067567 95312197 98307073
51006064 -379057 39978166 32563586
4966091 -65443662 47349582 11594562
-94085302 -26660120 -54613593 2338660
1330382 -27449744 -58553206 82120944
-6381755 -80428016 -81344809 29846512
-21322976 -62410096 52855373 84541193
-52721307 48652105 13952316 40067746
-21082261 42406404 24892379 93914866
-35961937 -28552161 -50436503 52247865
16
73 17 -43 54
9 -24 -8 55
-79 -19 0 3
-77 21 -35 53
-82 49 2 61
-97 -65 95 81
-3 35 62 38
14 -91 -3 34
38 86 -93 29
-95 -40 52 1
47 32 -5 37
67 -25 -2 77
5 -9 -58 68
3 -48 91 45
43 96 94 45
51 80 22 4
16
43 32 92 58
42 -83 -30 49
-2 18 -26 15
44 -72 18 64
-98 34 19 89
63 -45 -64 59
47 -59 -60 96
38 9 0 92
-71 -55 -98 16
-17 3 -5 38
70 -47 84 71
-96 17 26 69
-78 -12 -14 72
12 -86 19 14
-24 2 -77 68
61 89 47 97
15
27176930 -24557611 -58694027 9909937
84254298 66597134 -61415994 89750581
-91893209 86068255 13490255 64632193
-6740004 -51859203 87139233 13122642
-28534391 -1808416 -73269818 7771875
8946113 -17681810 48991120 26380942
18385936 -24110343 11248513 75975969
24738768 48586982 -10724264 83383831
66866943 65509917 -45674369 28094924
26923009 35866798 7570310 67076426
-56561430 1436189 39403995 31212227
-19655954 15167016 42583435 44876942
-53307699 -5243039 58902241 537068
-12555433 28631991 -16716739 13354458
-85311673 -49434328 -39867556 62806184
4
-13859990 44480049 49095063 45629197
46042915 -9012824 -29094225 51136194
16826935 -22771996 30782287 41101838
-48503377 49938066 29944708 31074405
16
8 -4 4 8
-1 -6 -3 5
-3 3 -6 9
-7 4 6 2
-2 -1 -2 7
-8 3 6 2
-1 -7 7 4
-5 1 -8 3
-5 -3 9 3
-1 0 4 4
3 5 7 2
-4 -6 0 6
9 9 6 6
5 8 5 2
2 -7 2 2
0 5 -1 1
7
-18227622 12362110 -11993646 6520310
-2602367 8511907 -12054456 5071688
3694823 -4489063 -1024599 22619429
7975600 25419669 -28056422 8958631
10466007 -15398785 -22857613 10551087
-5818328 -17071395 10391330 28714240
-23399106 4752994 7309199 9191144
1
1 1 1 2
16
0 -5 2 10
-2 -6 1 8
-6 7 5 10
-1 7 9 6
8 6 3 4
7 -5 -9 7
-1 -4 -9 2
4 -2 5 8
6 4 -4 4
-8 -8 -1 10
-1 5 -8 4
-7 6 5 10
0 9 0 3
5 -5 1 3
-3 1 -8 1
7 5 -5 9
16
-55692042 48780008 -63757126 9689574
39265616 -35475709 44756929 83306187
22879745 10837724 83717692 55897527
4902932 -31855507 23929718 95283403
94340812 85146483 16306066 63554151
-32579544 -73243724 -36495499 88454989
-81252428 -71761175 -52678031 93381019
-88912076 49278544 -9285628 41621922
85731698 -89421675 20375848 35138070
89198266 -98692220 28359229 46139325
-64854729 -34594312 -78326193 2755684
83520576 48653053 -41843584 18764013
3645564 60385933 87924846 74482478
-60817047 -9620547 -90419473 24309477
-18778703 22965152 -70969496 29740590
1812041 85012624 -15451099 57765271
10
15912455 -83054 -10400872 13011752
2879127 -1243831 12157371 12951728
659203 6690835 -1392733 11173454
-11653339 14332835 -5530556 1084062
12461845 7990888 15466098 10704512
-8860672 -2019864 -15985378 520013
6446351 8781639 6949108 9281308
8341841 15764660 -10517573 3454307
-11358029 4538367 -5377101 1175281
-16153099 11879791 -7331879 10367074
16
99906548 9049695 -71184639 7230597
-14269512 -43457070 11066864 52352293
-61291459 53785094 44903572 39300592
9573378 81016748 10046134 97436638
-277630 65655145 83883087 48903716
7584079 -56134311 -38242155 26477321
-49309019 31345964 49642994 96136736
47062918 -87953678 72872257 90801674
-82918391 -40754662 6929318 35896553
90812405 84800267 29295728 72766428
-20054236 -51760099 -80326648 84996439
-82485994 -33649525 -35071856 91217915
7944113 34535939 10645907 79091230
70091577 67504133 25396818 64333172
54692547 -89615950 96346697 96626391
-29189697 34139180 -50268291 46257310
13
13533092 3818901 2518869 15587771
-13871333 -3792662 7052571 11415480
15292659 -14135931 -10834209 12408433
-6924796 4807230 12529328 15777875
5256164 11464925 7209142 12679511
10965183 13469223 -6626846 9505846
-14916589 4886095 183599 14984559
11017809 -12594932 -2839047 9440742
-15368375 -10420557 -9990399 8580508
-2401483 -6461960 -580248 8607068
8444266 -2077683 787841 7938758
971440 -6888085 10962324 15133797
-13801371 -9776479 -12776966 2925769
16
94 71 19 9
7 -85 -53 10
-90 64 31 60
91 20 -27 46
93 -20 -90 92
-61 -99 -99 25
4 33 -7 63
-38 -22 55 8
-35 52 21 16
-12 -58 -90 99
89 22 -69 93
76 -55 -75 49
-31 8 50 47
-71 -61 -8 14
99 11 27 39
-96 83 2 92
16
7 -7 -3 10
9 0 -1 6
9 -8 -8 10
-3 -2 5 7
1 0 8 6
-4 -6 -8 3
9 0 0 2
-8 -2 2 2
-9 9 1 3
1 0 1 4
-9 7 -3 1
-4 2 0 7
-3 7 0 8
1 9 -2 1
6 -3 3 9
9 -8 7 10
16
-95 -33 52 23
-64 -47 -27 65
41 -57 63 4
-25 9 81 59
73 -74 -39 93
-91 14 -85 8
-12 -71 -69 76
-84 -78 1 44
34 -54 31 29
-70 20 -55 23
92 29 -29 10
50 36 -91 48
-44 91 -25 39
-56 -18 -60 46
67 -67 30 16
-12 25 -87 2
16
24029361 47913120 -58123784 34878933
96299106 -2483568 -75885032 69636796
64268965 -54625984 -38011004 91929257
-66785408 -60335673 -89341104 67983071
81548009 27048325 21159818 96394022
-31799954 -83789305 -33642581 76300883
62043965 98454029 37408315 64727993
-75419319 -9173600 -32962982 63929273
22304086 -84428694 98031246 61945819
19191064 -10856191 74419901 31606433
60578834 -60423666 76887938 1452083
66812605 18696426 79387497 36953004
12350479 53398628 62072452 43539366
12620051 -58001535 45808216 87834839
-20228117 -71957622 -1970649 8462456
-31374939 -9914537 -8249399 92935822
16
0 0 -2 1
2 -3 1 7
2 -9 8 4
-6 -3 2 1
-7 0 3 3
-5 -3 6 2
9 -7 5 2
-5 -6 4 10
6 1 -4 7
7 8 -5 6
-1 6 0 7
7 7 -5 6
0 4 -8 3
-4 0 -3 8
8 2 -6 5
-6 0 -9 8
5
-1 -4 -1 4
0 2 -4 8
-3 9 -3 7
7 2 -6 6
3 -1 -9 1
16
-35253878 -66076192 36229083 90071910
-13369334 -57237654 53184355 3676169
57185129 -78294578 -6762529 2950288
-85368787 46893885 -50678308 90511892
-68461372 52794622 95866046 36100744
-32095130 26172653 -69278068 39410347
-22462424 -95602866 93614949 85110977
-377478 -40577616 -77261259 46412832
80455919 89441075 -23506768 5148895
-19372814 41249638 -40315042 1965114
9593111 -93891811 -30442561 16735793
-24057510 54363120 69307349 62697607
-99084960 -61626789 20043340 33490876
-43550108 38639770 59442777 71939924
-99757819 73905036 -60726057 46439170
43684970 63174961 83265405 97210173
16
-2 32 74 73
55 -88 -26 79
-91 51 -59 54
-80 -42 56 73
12 -76 61 24
-88 -47 11 1
-37 79 62 79
73 31 9 68
17 40 34 2
-47 -24 -12 31
-23 83 94 94
8 71 -48 89
-9 -55 -39 14
25 14 45 61
-57 90 -25 93
-71 37 -84 67
16
-98 -25 -1 58
60 26 -99 49
-65 -27 -64 13
-81 55 -99 72
47 -50 69 35
-71 -91 84 68
-35 67 50 34
-66 -45 37 86
88 -56 -28 34
-50 -67 -14 5
-50 -23 44 42
47 -75 60 14
-97 -98 -5 74
85 -6 -53 9
67 64 -17 60
-14 -1 18 27
5
-3 3 7 4
7 2 -5 7
-9 -7 4 4
-5 -7 -9 9
-1 -6 6 4
16
-59309195 -46475900 -78933899 19889521
89537420 62458215 71832899 96805239
54088991 67331131 44894910 26993520
88781658 -32900665 -23339773 87940772
33729779 73702196 87516427 52505090
66450326 24910961 74615058 40026857
46447958 -89348446 82853766 3239136
80265028 82749006 -67515602 20692096
-90855375 8632867 -1835721 22656833
-89352148 75161921 30697227 16822926
-57828638 9366133 21718741 57329898
57088860 13085385 -85280948 58916928
-5312902 -79609022 -22992138 25786137
24827859 -48442968 78122816 27531538
61336395 -44354462 68668887 75957982
90387629 -33287879 17894742 37346730
16
37 -62 36 57
63 -54 0 12
3 80 89 88
27 -95 -19 5
84 -14 40 75
76 -83 -68 62
69 72 -34 23
-24 -10 -12 85
-31 -41 -3 42
-44 67 26 65
94 -25 -4 41
90 62 16 19
28 -54 -9 80
12 72 -38 82
64 97 34 27
-90 18 82 48
16
-82354041 -19879308 -1675663 25271420
99839040 98383667 43222683 36225771
-4620687 86866920 -12437544 46385079
-12929686 -75343594 -36648397 22256033
86253656 -79713582 48868419 24972999
-50544083 -2760770 -30741519 41729137
-73964202 -77954906 48473390 53505706
-13427286 99890783 -30642616 31405939
67291013 -53661970 16532480 74668720
65400899 52158069 -92519273 71360811
23260792 13089946 24058456 28326236
-25048198 -81831940 -12187278 17348810
42829895 1271099 29685376 16181931
98734208 43367001 31342473 85112795
23861746 -8989956 59023538 96863886
-35598346 -77706473 -26540490 51638383
5
9 9 -2 3
3 -1 1 4
-9 -9 6 10
4 2 5 9
-9 -6 5 8
16
69 22 -53 98
-90 84 -53 15
-61 -63 -13 36
-75 -29 42 23
67 13 -10 92
-15 88 -44 51
49 64 28 46
-41 80 48 98
42 -71 -30 51
41 41 -29 15
25 17 -51 85
-31 81 56 94
4 42 80 61
-11 10 -27 13
9 79 87 62
-90 -45 -91 46
16
-88752447 66656153 -49557887 30137123
-99480308 67009638 29948880 43997477
13059895 -89661618 94502967 4782526
-51607681 76883203 66971843 51192213
29151219 -8118696 -8329329 96721960
10403568 -26859082 76292878 54573678
58758110 -51087505 7616524 46932131
2119492 -51714656 -95101464 49291984
-14589659 484196 85729463 61644546
-46575145 -10882857 -59950892 71895295
-36243770 78985323 -93041802 71852591
-658326 71301072 70964253 9021345
-18582069 58313327 -11418983 29428960
-97148446 -91073504 -60843565 5735010
20794457 -77630303 -81374368 57072812
26932522 81441753 15059465 82885020
5
8 7 -4 7
0 9 -7 8
3 -7 -7 1
1 -6 -1 7
9 -5 7 7
16
5 6 4 3
7 3 8 2
-3 3 4 3
8 6 0 8
9 8 6 1
1 4 8 7
9 0 -4 9
-8 0 1 2
4 -8 8 8
5 9 -5 1
-3 9 -2 7
6 6 -3 5
-4 5 2 4
0 -2 -1 6
-6 -6 -8 7
2 4 0 9
16
-90 26 78 29
-83 22 -57 80
-96 54 74 74
-38 31 47 99
14 73 -77 32
7 11 -33 53
91 -31 97 72
23 -44 -47 44
-94 -41 17 66
46 -96 -92 48
25 0 -52 60
-1 31 -38 86
-85 28 -86 42
56 58 -10 61
54 -59 -59 53
-63 -11 20 42
16
-40153248 -82405177 -58892993 92190998
-73481798 -35730363 27968174 70429317
-26292742 58264155 -83641904 32360516
38128905 40822970 -11411107 20207742
72176858 65659915 40862164 17350187
-99755157 -9541183 15049080 11855157
-43017254 -82284473 59142126 68347210
-95300382 -53224076 -90922528 55449484
54849987 28173577 29165729 39356953
70027893 56707138 35832889 48052711
50881969 59907866 -60588721 68241926
-72247199 -36589134 16093133 53493221
-59532013 61459056 -33677516 41408847
-15359597 80765799 -87946469 7686893
-76295710 -55739602 -30339240 26109608
43444313 -94351532 3162536 35755447
16
3 -71 87 61
79 46 -59 88
-76 69 -83 95
-63 -82 59 7
67 8 -22 51
-10 -10 54 37
-65 -75 96 51
-79 -44 10 91
69 96 -70 60
93 -9 -98 97
-52 -32 -28 12
-24 -61 -22 51
-32 -92 -5 43
75 53 86 24
-84 72 64 59
92 21 67 24
16
57294683 -76529283 68211979 2833862
-8653177 29832691 21164000 72001891
-11583473 48827718 -90596476 19028313
61565972 1285254 3332696 48710633
71300147 58992254 -56593534 42051430
77321865 -97401643 21741339 7961620
42905339 79963509 24518985 89883694
-15115461 -61428357 -34969139 92575800
38301835 -93802783 74007750 90713166
-83117636 85280947 23335089 51447250
45076428 -59408868 86669904 47503285
11188889 89903329 73780409 55502136
8749548 -594287 68089492 9169719
42097242 52399236 -45574092 90687085
-21425533 94650685 40345105 7000082
79531361 54503365 66628242 69540953
16
-19255669 41765019 -14679542 45686035
873410 -87094881 38904593 1620498
-26851062 61823742 24152989 35357156
-54492229 61466763 -6148734 66144408
9311270 -54416206 -22610951 12387326
89806845 10589711 54843768 6913264
93748361 -61050113 -85977002 28778900
-62646343 16652406 -36229773 20107819
-42378507 -38768578 35794539 37805773
-10921842 -2709449 51353069 91408944
-6196837 50838559 39110785 78093678
-25087787 59388928 85265134 9905407
21494907 82529577 -98163377 73112248
-86474268 63434371 61398004 50641150
-65267425 94566445 47975790 28958517
39602927 -7052193 -97088907 57457550
6
-22766330 -9488698 -8362479 9153256
7779705 29844882 14400558 2914890
10785042 -11699472 -27458575 25197475
-39133995 -22987967 -33102910 17618434
28698974 2337761 -32770079 24120826
21793446 -13934968 -32096358 22527746
16
-38727768 -68987191 -13316349 44194925
-43001726 12893206 -71049039 58387395
-54907864 -96016541 -7261891 78408503
18801782 27788739 45243859 20079378
24300701 -24234111 -16360171 49618838
29676520 46330113 -46220011 19446886
69785402 -77834279 77334211 3462879
37112455 -34387732 -10976422 15347070
8736633 35426447 90254366 1098508
-59130889 -3233696 -73910511 66518361
20130522 -85965245 34336062 67125545
-11670274 -23104774 26573071 57213319
-90065845 25076739 97406069 36872517
-40176787 37971023 30594662 93147791
-57021526 59666150 -4588362 72100678
-91440776 39226221 -9663024 56926484
5
1 -8 8 5
-2 -6 -7 3
-3 -1 9 6
2 -4 7 9
-1 6 5 9
16
-77 92 42 79
92 -24 -5 52
14 -64 -89 58
-16 48 -7 89
-61 32 40 52
82 81 92 42
-98 92 56 82
97 -90 45 30
-4 -17 -42 57
-34 7 5 95
98 36 94 65
-2 -45 -69 65
66 -45 47 37
42 92 -93 46
99 -39 -38 98
84 13 93 90
7
31142673 -15627090 8790594 3429202
-644642 31408110 -38728738 1104670
11023701 35786651 -6220070 28716492
-36342777 -25162463 1101107 19592297
5685590 20204622 -30695970 11823668
39486564 -17934328 -22290983 802777
22351852 -1907446 1886465 32579138
7
-25004357 -37442157 36739204 18925138
13371005 32945556 11531255 16518428
-19737364 -23902942 274326 31702432
-26228970 -3404585 3693012 3740348
4057561 -11816134 12036222 35171130
1344164 15206408 -34778506 12515336
-7419902 20492359 -35936500 6409122
16
-40408651 -77559439 62300031 1242287
-30389523 -10412005 -29808313 2734348
27898757 -45937784 -30919605 15826254
-71264710 -22826334 93112659 94032674
12257253 16089977 22507479 6856808
-84807510 -8099094 -54419348 92716503
84227661 -95450850 91879172 13967063
-22798777 -82309667 -34174183 49892263
-79803194 96441287 61751152 97242705
84258631 4099512 35532879 89295880
-89952227 -82012382 22097453 91339013
66492977 57822426 -10894377 88387946
97584912 -38280207 85282852 21964908
47034004 -71723963 -58466142 5391482
-93999022 -94687361 -28797194 15680195
-3410999 59535558 83080249 11712083
16
-55 -2 18 33
-88 -46 29 6
13 -1 31 72
55 32 49 80
98 -67 -59 39
-29 71 -5 64
34 -20 -28 53
11 -23 -18 92
-67 -70 -59 76
71 13 36 71
41 -85 24 27
-52 -78 -47 83
-65 26 36 3
48 -77 48 20
-84 -42 -37 5
-13 -30 17 33
16
9 7 5 9
0 -6 1 3
0 -6 -7 7
-7 -1 8 6
0 -3 -2 5
-9 -4 4 6
7 -7 -8 10
-6 -5 8 7
8 1 -6 1
0 -6 7 10
3 -4 -8 1
-6 1 4 2
4 8 -9 3
5 -2 0 7
8 -5 -4 5
-2 -7 4 6
16
-81 -63 9 41
61 44 -6 65
-54 85 -5 96
-76 -65 -75 6
-26 26 -99 66
60 57 -60 89
-67 -4 -98 48
-55 42 -86 66
-61 70 16 53
15 17 66 51
-26 -90 -40 68
39 14 -95 31
81 -95 -85 88
2 -39 56 98
22 99 61 95
-2 -13 -73 40
3
1 1 1 2
2 3 4 1
5 6 7 1
15
-8820457 7340776 293738 7575023
5758787 7022632 -8357863 5629679
-6484317 8112193 730902 2981286
-9724769 -2074084 -7863440 9243975
-2432664 9243973 -8353294 5212611
-2539404 -6680005 -4123763 5665203
6373999 1288450 -1477367 6700667
-6107072 -3574323 -2137829 4654929
3893641 -7791274 8689595 1465370
-7036460 570352 -6122757 7867627
4138892 -3526398 4961585 1149522
-6438952 7850187 2516595 8365006
-4654424 -6912306 4959531 8766743
3642697 -4124484 9219048 4140964
-9234177 -2002159 -8467675 5563078
10
-57792646 48127467 -10649621 28438870
-68879272 -21055788 44330687 61303356
16378370 -24578739 43380294 71945417
-3251572 73605899 -61130681 64240353
-35515531 -73681617 58036422 9425099
68686044 -75767690 -16627348 56768653
-60958036 75035457 52050157 59567607
52393901 7536200 -37317462 2724640
55411593 -23928441 40062944 60258479
17159094 -26647026 -29239931 56397082
16
-4 -7 -7 2
-5 6 4 3
-9 -6 -1 9
-4 2 -3 3
7 -2 1 7
-1 7 0 4
6 5 -9 8
2 8 1 5
-7 9 -9 8
-1 3 2 3
-5 -5 -1 10
0 -7 -3 4
-6 0 -6 10
5 6 -8 3
0 -5 3 2
-6 0 -4 3
16
-8130480 85773040 -86689859 84998513
-52130801 69923852 -15836179 60403979
-2891922 94052892 -72403965 33838037
-96969891 67497563 546395 6140245
26376254 57244053 -75038934 15157055
14245145 155567 -14434849 487541
30271028 -60891518 38619654 85717310
-63539971 19555346 -83786549 3800956
-84332944 9941199 33081230 45215933
-8120164 -12889338 -31410923 41257608
-45845772 -94261499 -6919105 14312457
-98055111 -29765 -97878229 74621298
-81664778 30938604 78530752 29223273
11611982 26955556 80849162 99646512
12260085 93420470 -41046829 39255364
482286 6084171 5448766 65165186
16
4 1 -5 9
1 1 4 8
-9 0 -1 1
4 -4 -7 8
-3 0 -7 7
-5 6 -9 7
-6 -3 0 10
-1 1 -7 6
4 -5 -3 7
-3 4 2 7
-1 -4 -7 5
-7 -5 6 10
3 -6 0 9
-6 -6 -8 10
0 -7 -9 4
6 -9 -5 9
16
-9 2 -7 6
4 -7 4 1
2 -9 -7 6
-5 -9 7 9
0 -8 8 7
-7 1 5 2
9 -1 4 6
-4 0 0 7
0 6 7 1
7 -8 -9 10
-7 0 -3 1
0 5 -3 4
3 -1 7 7
4 8 1 10
-2 -8 8 9
-1 -8 -4 8
16
1 1 7 8
-9 -6 -8 2
6 4 0 8
9 5 3 2
8 1 5 7
-4 -4 8 3
-6 4 3 9
-5 5 -7 6
-3 -8 5 4
0 0 1 1
2 2 5 8
8 -5 -8 3
5 9 -5 3
0 -5 -6 10
-9 -9 5 3
0 1 1 9
5
23541026 39194724 29660775 4429911
35406280 -21523376 2021329 25297732
-15808701 -34292376 1185092 15087965
1788490 -12433402 -26363792 18882093
32700751 -28000074 8025110 29305694
16
3 -3 3 1
5 5 5 6
-6 1 -8 8
9 -5 2 7
-4 -4 -9 9
2 0 0 7
5 -3 9 10
0 -7 3 5
5 0 -1 9
0 -9 -8 4
-1 1 7 5
-9 -3 8 1
-2 -6 -3 2
7 -1 4 3
3 5 3 5
-1 8 4 2
16
58 31 -95 37
89 -8 33 15
89 -30 -23 63
97 48 23 36
8 25 83 98
-30 -85 7 48
40 61 91 56
-66 -17 -63 30
-86 -64 -82 66
-17 -14 38 20
45 -18 -70 72
-61 -78 -73 43
-36 -71 -92 23
26 -39 73 44
11 62 52 99
-22 21 87 64
16
79 -91 92 1
-23 -20 -23 23
-70 22 64 31
82 -32 36 91
-93 48 -89 32
-82 -83 -36 23
59 -97 -72 68
-88 -49 -8 47
-96 -37 -69 62
58 44 86 50
-22 72 -64 16
88 83 33 100
93 -46 -29 79
98 -91 0 54
86 -3 -51 44
67 -58 -88 85
16
-50 17 -43 42
-52 72 73 26
63 -6 -78 39
-12 16 52 35
86 81 75 67
18 60 93 88
-18 12 65 62
-43 -51 -2 62
-6 -95 -72 34
-99 52 1 93
46 -79 -77 52
-94 -12 90 97
-44 -57 -89 49
61 33 -61 83
-63 -75 98 79
27 29 67 12
16
22 -12 -84 35
97 90 25 37
21 -18 -82 91
21 84 -3 19
-97 -81 -59 61
95 94 40 79
66 -66 79 47
61 88 20 57
-24 -75 70 45
-81 -4 61 22
-54 0 43 64
-22 -9 -55 71
-75 -26 -12 25
-83 68 14 94
-28 67 -10 7
-53 69 40 64
16
58 79 -77 81
-15 -21 -73 79
35 -90 -5 21
-64 -72 60 45
80 -86 0 40
29 -19 57 69
-82 -98 62 7
67 -79 -55 63
-15 -59 -18 39
70 77 90 46
0 65 12 1
74 -6 -46 29
-1 42 -80 17
50 -54 64 22
55 -18 -69 38
-33 -37 56 53
16
24858414 80411289 28675835 87414531
-23935296 -6861689 82802133 88166500
-39533896 -85870377 -67380098 90685163
32197713 -37417785 33141894 58759158
-5435583 -12001029 62621353 27453108
43813541 -67383989 -65564743 79994892
-48366876 20677742 -36306127 42333847
56202577 33019008 -81588881 13529951
-14730775 72289107 94752992 55493061
57374346 -35462519 -16471146 21453077
34552241 -53964319 -7405839 75852595
-43711966 18186440 62191403 40831187
-43780284 -54361136 90568520 83710123
37837865 -91719534 -50224595 1432803
19212093 -22885878 12153454 41716157
-19559294 17568750 37715144 15702157
16
58 60 -93 6
82 -53 -4 9
18 -90 -74 95
24 -73 26 26
45 -37 -58 7
4 11 -89 35
45 -94 80 97
6 91 30 35
56 -59 71 58
-81 -63 16 25
-5 58 99 15
80 10 -94 70
-24 55 40 87
-63 43 64 31
80 -54 80 89
79 -2 8 51
16
-1 -7 5 5
0 -3 -5 3
4 0 3 2
6 1 0 4
-8 9 2 10
7 -3 -5 4
3 -5 0 7
5 -7 -6 4
-8 -8 -8 8
0 -8 -2 9
0 -3 -4 3
6 8 6 6
-4 -9 -2 1
0 9 -7 2
1 -1 -3 7
9 9 -4 3
16
3 4 3 9
5 8 -3 6
-8 -6 8 4
8 -5 -1 6
-2 -2 5 6
1 6 2 4
-8 0 1 8
9 0 0 10
1 -6 9 2
-5 8 9 5
2 9 -2 3
-3 9 0 5
0 5 6 10
5 0 -9 1
-9 -7 8 8
2 -9 7 2
16
-1 -7 6 1
8 0 -7 3
6 -3 -3 2
8 -7 8 8
2 -9 -5 4
-2 3 5 6
-4 7 -2 3
5 -5 0 5
0 2 -1 3
6 5 0 6
7 0 0 9
2 0 0 3
2 8 5 10
6 1 0 8
2 2 9 7
-9 -4 -6 1
5
-7 9 1 4
4 -9 9 8
5 8 2 1
0 -9 0 3
-6 -9 0 9
16
48 78 -61 85
56 -38 -90 97
-96 -28 75 90
-25 85 -78 71
-97 -14 74 43
-87 -26 -63 44
54 39 -45 88
20 -76 -83 80
13 49 -9 9
-35 2 16 19
-80 61 47 89
-92 75 -63 62
98 -92 -50 27
59 -86 71 70
88 39 66 59
13 46 -28 71
16
73 -83 -92 9
21 39 36 82
89 -34 -86 89
90 -83 16 66
-56 1 13 2
5 -9 82 100
-71 32 53 40
92 28 -28 44
-45 -60 -93 84
58 84 64 44
98 -94 81 82
87 -21 -56 66
37 8 -70 36
15 -71 -80 90
-96 -32 4 17
85 98 -53 56
13
-1737159 11799493 -5779573 1783179
-7675380 -7530658 9436452 3842388
2914770 -4580188 5632587 8433232
-3320094 275543 7355111 5004391
-5784664 -2138111 -12010966 7133129
2312811 -8916306 968475 3477160
10404928 7319546 1021582 3321907
6654169 -8391079 6605569 10567591
-10596622 94252 7635554 5061325
-7532850 -8830394 10355683 7720184
11324159 -7833284 938395 7457388
10709589 -7415235 -10437752 8496237
-1565594 3586098 -4165734 952106
16
-76 -79 -9 29
19 95 -27 74
18 69 -82 57
29 1 -46 52
-68 54 18 30
-79 57 15 26
94 -98 36 80
-18 -35 35 29
81 -31 -17 46
-36 -74 -98 67
66 91 -40 26
-76 4 51 95
86 74 -6 70
24 67 -14 80
-64 97 65 44
5 -68 -47 80
16
25 -13 -10 19
32 46 47 91
16 94 -87 27
13 15 92 64
31 60 -44 7
7 -76 -10 37
-58 78 83 99
70 -76 34 51
78 65 -20 71
17 76 -86 68
49 -3 61 86
44 36 28 50
15 -51 12 56
-85 26 95 31
-34 -97 -87 43
0 79 -41 63
2
1 1 1 1
100000000 100000000 100000000 1
16
31781312 82094375 -82066296 84426060
87438021 -68967251 -53294957 91998644
-67247273 32066388 56266194 10742179
-81158574 -57173396 -55767808 11980557
6204311 64228421 94558392 96122617
29141040 80548676 -73250906 9254744
26545863 1253386 17615923 34639023
73882118 97897553 -14703267 24677556
70471076 -89174464 -93051296 19693716
-87609688 -15816332 53134709 85846144
-26385615 95100886 75597980 51757319
93213903 -38912693 52564724 27169418
-19784344 4363325 -42743109 19447160
35794405 -39140875 -56731763 45187527
-9866473 83550021 -12301262 46732624
-87899242 98489941 19777337 53241872
16
7 8 0 3
-8 -1 0 9
-9 8 -2 4
2 2 -4 2
1 -3 -4 8
6 1 4 1
4 0 1 9
6 3 2 4
-8 -6 -1 3
8 1 1 4
-5 -5 -1 9
-5 -6 1 2
5 -6 -5 8
9 -9 -9 6
0 0 0 9
4 -6 -8 5
16
86023718 44422715 89953902 90293869
53889237 -19722827 86483037 99793980
-47326602 -5528988 -10000050 77675639
43890770 87264802 -84012430 98414141
-99071895 33815511 54756992 94734107
-97227246 -37544326 56891 54670519
39056280 -54464497 -38365235 7020295
-881637 -37212285 -40476751 15595700
77005534 -66526192 -67149376 66205748
74422720 13456205 69619607 75282802
69676498 29953319 -33880228 47632014
72245463 -7168660 -50145839 22932213
90622591 -91044264 14558026 48738259
-34223754 14944006 -46557497 32812793
-16177104 8095593 -92701133 99619086
26581361 -47251098 81976144 29502983
14
9495811 38873078 -35818402 9071910
23645381 7008000 -18394642 7570503
-21628153 12520427 31774163 9632364
-5295283 27164855 19840568 32513205
-1826527 -28766474 30978527 16232819
-18796277 25304728 1643617 32641862
20038259 -32586384 -17768674 21703096
-9168164 -31335459 -39724824 8648552
-19190719 -787082 -4416929 17087629
27769477 25694467 -7352864 33380784
1370503 -25647971 -19730851 7448545
29873546 29151640 29279530 38253201
-28629681 39275772 39377433 5585038
3419689 15046686 -15181585 22128291
16
64 15 -27 67
-15 -68 -79 83
28 54 71 43
-8 -46 -61 39
-30 70 -55 29
34 95 -72 66
-51 0 5 97
76 38 29 10
-42 47 -55 72
-62 -99 41 100
13 -16 75 1
80 96 28 45
-10 53 36 78
-43 48 -84 4
26 -54 8 61
-35 -61 -13 76
16
0 7 -7 9
8 0 -9 3
-9 -9 6 4
0 -7 5 7
-1 -3 8 10
-7 7 -8 2
9 6 -2 1
-8 5 3 8
0 -3 -8 5
-8 -5 1 2
1 5 0 3
2 2 -3 4
7 0 5 2
-3 -7 -4 9
-7 2 -1 9
2 1 0 10
