100
950 0
948 60
943 119
933 178
920 236
904 294
883 350
860 404
832 458
802 509
769 558
732 606
693 650
650 693
606 732
558 769
509 802
458 832
404 860
350 883
294 904
236 920
178 933
119 943
60 948
0 950
-60 948
-119 943
-178 933
-236 920
-294 904
-350 883
-404 860
-458 832
-509 802
-558 769
-606 732
-650 693
-693 650
-732 606
-769 558
-802 509
-832 458
-860 404
-883 350
-904 294
-920 236
-933 178
-943 119
-948 60
-950 0
-948 -60
-943 -119
-933 -178
-920 -236
-904 -294
-883 -350
-860 -404
-832 -458
-802 -509
-769 -558
-732 -606
-693 -650
-650 -693
-606 -732
-558 -769
-509 -802
-458 -832
-404 -860
-350 -883
-294 -904
-236 -920
-178 -933
-119 -943
-60 -948
0 -950
60 -948
119 -943
178 -933
236 -920
294 -904
350 -883
404 -860
458 -832
509 -802
558 -769
606 -732
650 -693
693 -650
732 -606
769 -558
802 -509
832 -458
860 -404
883 -350
904 -294
920 -236
933 -178
943 -119
948 -60
100
990 31
986 93
978 155
966 216
951 276
931 335
909 393
882 449
852 504
819 556
782 607
743 655
700 700
655 743
607 782
556 819
504 852
449 882
393 909
335 931
276 951
216 966
155 978
93 986
31 990
-31 990
-93 986
-155 978
-216 966
-276 951
-335 931
-393 909
-449 882
-504 852
-556 819
-607 782
-655 743
-700 700
-743 655
-782 607
-819 556
-852 504
-882 449
-909 393
-931 335
-951 276
-966 216
-978 155
-986 93
-990 31
-990 -31
-986 -93
-978 -155
-966 -216
-951 -276
-931 -335
-909 -393
-882 -449
-852 -504
-819 -556
-782 -607
-743 -655
-700 -700
-655 -743
-607 -782
-556 -819
-504 -852
-449 -882
-393 -909
-335 -931
-276 -951
-216 -966
-155 -978
-93 -986
-31 -990
31 -990
93 -986
155 -978
216 -966
276 -951
335 -931
393 -909
449 -882
504 -852
556 -819
607 -782
655 -743
700 -700
743 -655
782 -607
819 -556
852 -504
882 -449
909 -393
931 -335
951 -276
966 -216
978 -155
986 -93
990 -31
