10
8 0
6 5
2 8
-2 8
-6 5
-8 0
-6 -5
-2 -8
2 -8
6 -5
100
999 31
995 94
987 156
975 218
959 279
940 338
917 397
890 454
860 509
826 562
789 612
749 661
706 706
661 749
612 789
562 826
509 860
454 890
397 917
338 940
279 959
218 975
156 987
94 995
31 999
-31 999
-94 995
-156 987
-218 975
-279 959
-338 940
-397 917
-454 890
-509 860
-562 826
-612 789
-661 749
-706 706
-749 661
-789 612
-826 562
-860 509
-890 454
-917 397
-940 338
-959 279
-975 218
-987 156
-995 94
-999 31
-999 -31
-995 -94
-987 -156
-975 -218
-959 -279
-940 -338
-917 -397
-890 -454
-860 -509
-826 -562
-789 -612
-749 -661
-706 -706
-661 -749
-612 -789
-562 -826
-509 -860
-454 -890
-397 -917
-338 -940
-279 -959
-218 -975
-156 -987
-94 -995
-31 -999
31 -999
94 -995
156 -987
218 -975
279 -959
338 -940
397 -917
454 -890
509 -860
562 -826
612 -789
661 -749
706 -706
749 -661
789 -612
826 -562
860 -509
890 -454
917 -397
940 -338
959 -279
975 -218
987 -156
995 -94
999 -31
