83
0 0
10 999
20 0
30 999
40 0
50 999
60 0
70 999
80 0
90 999
100 0
110 999
120 0
130 999
140 0
150 999
160 0
170 999
180 0
190 999
200 0
210 999
220 0
230 999
240 0
250 999
260 0
270 999
280 0
290 999
300 0
310 999
320 0
330 999
340 0
350 999
360 0
370 999
380 0
390 999
400 0
410 999
420 0
430 999
440 0
450 999
460 0
470 999
480 0
490 999
500 0
510 999
520 0
530 999
540 0
550 999
560 0
570 999
580 0
590 999
600 0
610 999
620 0
630 999
640 0
650 999
660 0
670 999
680 0
690 999
700 0
710 999
720 0
730 999
740 0
750 999
760 0
770 999
780 0
790 999
800 0
800 -1
0 -1
84
0 1
10 1000
20 1
30 1000
40 1
50 1000
60 1
70 1000
80 1
90 1000
100 1
110 1000
120 1
130 1000
140 1
150 1000
160 1
170 1000
180 1
190 1000
200 1
210 1000
220 1
230 1000
240 1
250 1000
260 1
270 1000
280 1
290 1000
300 1
310 1000
320 1
330 1000
340 1
350 1000
360 1
370 1000
380 1
390 1000
400 1
410 1000
420 1
430 1000
440 1
450 1000
460 1
470 1000
480 1
490 1000
500 1
510 1000
520 1
530 1000
540 1
550 1000
560 1
570 1000
580 1
590 1000
600 1
610 1000
620 1
630 1000
640 1
650 1000
660 1
670 1000
680 1
690 1000
700 1
710 1000
720 1
730 1000
740 1
750 1000
760 1
770 1000
780 1
790 1000
810 1
810 -10
-10 -10
-10 1
