45442
39382
19059
12773
27455
28851
34114
2066
21701
2337
11350
31754
39103
37471
18266
12663
13866
5194
21182
24269
22787
15283
9507
1257
18159
21032
23642
18746
14298
28108
3424
17949
2998
14133
17604
5108
16822
1214
12906
1839
32330
2686
2878
5830
34001
12551
11103
1894
12229
26044
1613
51267
15381
18483
936
16112
6799
22357
44556
39382
6568
31783
6109
8962
3844
2185
8250
25579
17902
4977
10347
20144
6841
13726
8315
7782
7782
12161
31793
1011
12146
13189
48269
4247
22387
12827
26267
27895
14298
16029
41232
17533
4160
8980
20680
28648
28842
7704
19862
28680
