100 100
728
936
606
3
687
810
360
176
356
297
103
461
960
622
23
151
950
733
107
324
234
834
545
352
823
312
781
514
151
337
977
913
591
455
966
876
901
217
884
569
737
334
823
931
828
45
47
359
766
643
666
806
739
543
468
304
858
30
652
716
865
271
786
494
101
486
47
579
922
382
454
442
773
484
848
556
425
507
79
706
355
682
462
484
983
714
368
491
845
994
364
722
987
992
290
526
197
600
434
780
16 94
6 78
27 58
77 98
40 89
31 80
2 63
12 15
52 90
68 71
39 57
34 89
13 83
1 69
18 49
19 40
37 60
89 95
60 96
32 73
52 92
51 79
85 99
73 74
47 81
3 42
35 75
66 98
41 66
46 96
20 26
66 96
3 9
54 81
24 52
43 51
52 83
99 100
60 84
89 90
13 70
5 10
36 39
44 53
9 71
32 51
20 38
41 43
66 88
21 65
21 23
8 100
20 44
26 56
2 2
70 97
4 19
45 86
22 98
6 78
64 76
5 62
6 19
1 18
35 39
62 67
19 34
7 53
4 38
19 29
74 91
9 44
44 55
33 54
11 27
28 39
28 39
25 43
8 66
77 79
43 63
26 47
16 100
24 31
38 78
18 39
20 64
43 92
41 66
2 33
17 89
19 49
45 52
11 29
7 44
25 74
16 67
51 63
52 88
22 71
