20700
19434
53363
22501
27318
82706
51750
12675
45585
64291
70505
28869
10619
47357
89953
45556
33133
69451
16874
17772
74532
23609
1181
36023
66445
28961
31301
24348
9677
40417
57426
4054
9666
69565
3976
43783
49568
49772
4497
23534
22358
74072
35125
59763
23558
17207
44998
51742
32748
31183
31479
11183
7647
6023
40675
2497
4513
42289
24062
10701
6854
2783
14635
51587
59843
996
18383
52790
27507
32089
63707
30919
56476
7828
84773
906
21565
35564
41261
17302
39977
13085
15109
72046
36449
15530
36025
53795
22962
11917
43447
7880
64042
30613
88722
53119
12537
54708
30266
7792
53159
28467
16206
48693
46399
11884
10982
24973
21417
67478
6661
31793
20180
2373
24491
20495
63128
21705
25540
2634
33209
27752
44645
53199
41698
52774
13808
44623
34418
77005
62976
29285
20004
11517
14682
1821
55135
21117
44269
5583
3542
32554
6114
36515
24208
47389
2816
22331
2714
98186
52504
46002
32436
30426
21425
25175
40264
7755
73168
10785
75705
23734
29367
36266
23728
60313
37395
23808
8213
3005
73837
1260
87620
9836
9793
31251
5279
4584
60732
3193
41871
27133
17992
56412
75814
72421
82397
6768
64955
37848
93746
47518
47173
19283
6989
8588
48178
25131
26774
96792
