200 200
93
995
36
543
407
912
933
730
109
559
146
894
210
689
200
73
953
717
733
790
934
726
727
578
877
404
740
340
246
42
870
615
407
428
543
382
180
70
457
876
990
847
160
5
555
320
683
299
478
283
55
36
109
859
213
327
531
962
746
103
663
966
900
132
788
53
893
683
267
470
751
43
818
549
895
473
447
260
913
559
10
489
231
412
967
46
959
971
499
848
231
213
64
568
842
496
291
119
753
756
967
666
585
849
863
192
763
679
658
328
155
959
4
808
255
689
135
453
620
950
978
40
231
260
397
789
409
677
675
184
706
710
435
543
944
920
564
368
321
469
983
289
395
318
739
702
518
987
297
993
741
691
610
664
568
218
794
113
834
390
715
89
2
327
977
881
994
986
167
509
245
96
631
555
992
685
964
189
184
415
534
769
140
108
343
489
734
52
39
359
637
892
418
426
896
397
636
163
371
840
56 94
151 189
32 135
93 134
72 122
1 155
62 154
24 50
8 98
57 173
65 196
24 83
23 42
80 166
15 184
4 90
12 75
21 151
80 110
139 169
22 164
60 103
53 55
46 115
51 174
131 181
122 177
21 69
17 31
7 86
22 133
120 127
92 108
30 162
71 77
116 197
72 162
97 189
184 194
108 150
60 101
4 144
77 141
44 156
143 186
47 80
40 126
93 189
73 133
65 121
98 152
98 117
34 52
38 50
104 176
105 108
53 61
109 189
105 148
7 24
87 99
43 50
76 103
94 187
65 174
190 191
16 51
57 151
114 164
98 153
42 163
44 104
85 189
172 187
3 163
96 98
109 148
42 111
34 114
76 107
94 165
54 76
158 188
35 170
26 100
75 103
32 103
74 171
116 155
51 74
19 102
123 136
54 168
67 123
27 198
49 148
156 179
48 150
3 62
11 23
18 119
66 119
29 63
50 141
7 97
149 168
157 176
9 59
154 196
68 194
75 87
87 144
7 44
191 194
67 111
32 74
8 129
117 154
28 80
168 173
14 78
57 106
101 180
61 156
79 153
44 145
138 163
96 175
79 141
56 199
4 124
29 88
23 64
99 118
101 127
187 191
16 120
119 154
39 124
102 110
107 112
7 70
134 144
12 83
5 52
79 165
64 69
144 184
44 52
7 193
97 194
59 143
33 99
39 99
152 194
34 86
23 102
94 105
47 184
133 150
44 189
35 84
33 93
99 161
29 78
53 164
66 135
80 125
47 63
57 61
32 172
48 53
20 185
169 191
28 49
94 149
150 157
138 146
66 176
17 20
11 93
122 170
80 113
80 183
51 194
1 138
26 182
170 182
64 184
22 98
4 177
105 194
36 128
10 46
146 156
177 195
71 157
139 185
138 188
6 189
