37129
84899
5881
69133
30470
117466
46973
81470
37745
18672
34268
58101
18025
34298
51672
37631
7381
423
127496
50389
20853
82967
133592
100280
14595
98068
33671
13785
15614
46491
10621
68024
72740
1969
20118
95553
20052
38209
126425
31988
26556
99721
42909
33354
33720
103950
42834
45735
22321
1059
14192
29865
50183
72499
62480
8710
72396
89077
16807
72203
36304
100111
24414
82048
50692
90475
111661
77101
25380
49350
46485
42685
28033
19894
33690
51748
17820
32302
40018
98350
81945
104553
100168
61202
45480
94072
904
3552
6338
106108
983
11276
31555
21857
64142
104087
58333
26444
53013
43951
1394
71914
1729
23369
105938
51471
40470
78983
3404
29618
44762
31608
76932
14339
52754
83989
75394
56431
11646
25414
20384
42725
83956
72363
46555
72932
101388
55707
101504
25646
92291
81039
8577
91243
32901
25113
1470
65864
52306
80890
37655
111123
46946
1068
32926
72121
106947
88422
40252
42648
5118
23426
25893
111976
114018
9431
42826
63147
94244
9552
41189
3300
49310
17997
4971
94244
22146
134014
91856
9476
13707
24206
86360
16159
34750
74792
39617
107426
133591
35746
44124
8406
53108
40279
30214
138719
24017
92548
17344
16816
6032
52535
34286
39180
120684
8807
79864
63112
11460
64760
66361
1581
43129
21927
45519
15729
12333
71897
110140
1387
5541
2724
43009
6554
54727
54414
47899
4865
9195
13777
90677
19107
12159
8583
86586
118728
38960
12519
78133
10554
60258
68053
91964
20619
78994
88587
1748
84617
126414
54446
28287
120144
76074
20208
12028
15224
93158
130355
14316
30324
34789
42797
27264
99383
131990
8234
27994
22752
77056
2450
81576
21206
66726
126879
64318
49239
520
17021
52983
4176
30968
8895
78260
93595
56819
39344
58695
47038
84957
60427
86571
119878
40406
72469
21909
36517
62858
47033
53102
33550
5059
49108
95213
30048
4952
22390
22554
18917
73188
112969
