300 300
196
646
612
539
871
448
320
930
365
165
947
539
190
958
110
715
344
108
848
330
671
445
495
604
790
738
190
665
132
262
996
430
600
658
132
690
701
675
586
865
567
832
828
903
849
92
668
444
20
598
650
53
300
284
522
206
61
259
645
802
159
526
679
669
982
62
896
86
530
14
173
527
316
524
143
49
147
885
202
943
265
743
388
524
38
825
873
268
388
362
519
428
683
524
353
199
438
18
72
885
307
460
622
948
629
569
662
685
313
141
684
622
795
192
14
620
178
638
143
70
613
572
300
131
278
594
388
988
699
573
36
732
981
568
545
986
77
876
776
305
266
255
437
704
522
293
239
434
168
614
801
516
960
536
268
299
583
274
612
461
455
868
67
886
695
413
929
442
604
460
60
106
330
653
457
135
944
167
944
410
59
36
994
961
232
212
758
315
858
216
805
628
763
431
334
969
198
933
690
556
94
721
898
899
592
34
189
803
920
365
681
362
171
730
94
12
743
497
50
245
574
727
427
816
361
684
852
682
160
291
912
336
226
953
730
522
289
169
51
677
898
436
240
853
645
620
104
862
710
84
344
576
809
544
818
682
98
882
356
565
914
273
198
801
292
35
636
291
172
508
879
334
306
755
69
409
430
380
613
840
23
533
504
47
951
479
69
788
481
56
367
623
915
124
688
693
229
118
631
492
53 134
50 226
155 166
134 270
113 176
55 296
133 224
17 184
71 151
129 164
57 132
124 236
89 128
155 223
82 188
56 137
262 279
290 291
17 275
152 249
250 294
52 225
6 276
64 267
150 178
88 287
91 160
24 46
25 52
94 189
166 188
6 145
135 279
273 277
148 188
43 240
4 40
7 84
32 289
46 118
103 155
62 263
166 249
86 153
202 267
76 287
98 185
132 221
243 288
16 17
267 297
193 250
65 169
4 152
82 207
182 197
35 185
64 245
172 203
139 284
148 218
98 300
249 300
114 279
97 198
31 213
56 285
58 216
247 300
137 234
17 112
106 192
119 176
230 269
159 224
92 196
211 247
156 220
90 172
38 238
65 233
67 280
83 285
90 211
179 266
87 276
58 59
156 162
79 91
69 286
173 174
137 160
232 296
67 114
9 140
53 266
152 264
46 106
160 261
108 196
287 290
19 165
137 139
66 118
24 238
103 203
104 185
119 276
179 184
162 220
83 175
26 91
139 293
73 104
111 216
96 262
139 291
140 252
139 162
69 127
53 100
48 141
22 193
109 253
203 297
144 289
58 262
82 195
83 288
140 192
26 212
105 264
38 51
59 244
106 173
132 180
297 300
154 285
125 226
40 204
153 226
42 269
181 272
14 15
43 113
87 231
32 248
27 207
212 295
108 194
64 77
142 189
225 276
68 299
51 287
142 161
55 147
112 237
53 247
244 260
96 180
246 252
159 254
32 66
64 76
53 247
45 95
19 291
98 282
149 166
139 166
58 109
117 291
78 110
100 167
59 210
183 256
45 265
19 289
122 192
152 237
207 224
94 201
58 143
225 285
1 280
156 202
34 223
106 140
152 185
56 68
32 140
177 242
99 178
40 287
2 18
130 288
134 256
128 149
26 160
6 142
164 165
162 245
76 124
18 111
247 279
193 214
32 182
28 251
270 271
132 139
246 251
155 240
55 68
94 203
132 236
144 237
235 244
195 210
131 157
9 194
251 291
208 231
71 90
40 217
54 299
189 261
262 291
74 232
263 287
132 248
66 206
108 293
4 41
37 198
84 260
146 150
87 255
22 278
29 142
112 168
12 254
87 240
225 262
134 157
40 71
82 268
9 272
182 207
150 207
73 146
8 94
201 254
44 248
16 284
235 251
114 171
35 82
57 214
142 147
79 243
87 132
132 260
25 282
33 165
189 285
170 171
248 282
113 220
289 297
94 158
1 17
117 272
81 269
12 131
43 129
96 212
173 263
20 193
112 232
24 199
32 275
89 172
24 173
116 160
64 141
1 131
84 181
109 214
218 285
196 203
42 146
99 290
99 159
258 267
137 183
14 56
113 152
76 224
39 268
