164860
73052
93858
37938
47806
22035
84579
103256
21769
103661
66273
136461
129851
34918
45272
6282
127169
110859
8337
47806
14265
7767
123624
72266
93102
173832
113263
23239
4900
40882
23392
18666
48665
125942
56588
109429
45492
26310
16217
4735
103581
27167
136073
59543
86890
118456
83280
16274
38127
16350
11260
152271
8828
41624
171877
105995
20607
4107
138004
157353
83448
45374
75740
158512
125419
95556
85456
58788
116675
54855
88374
59506
40888
166981
65602
96904
40557
127869
42097
31928
195697
33768
34266
95668
68373
100664
26006
98894
68994
83260
57047
33507
57974
13739
158953
175372
102408
174480
106058
14301
42042
74276
60364
15961
129935
96649
141136
21661
14552
45187
161208
123805
77647
68433
124069
135215
136273
130582
119329
93402
177782
135494
4358
5293
74606
69289
32584
20667
17534
38219
101473
35196
82912
73740
59680
17625
35053
132199
17921
89967
26518
31469
34125
48225
19779
53033
28147
89176
154589
14159
42348
39193
80738
87684
43597
53499
87319
1253
129057
100388
111913
12154
9211
125495
95724
161431
86424
56520
61131
7730
39175
5360
26617
9156
13213
129520
62926
60971
75048
137208
103381
24835
6936
45409
30792
46522
131038
164105
18781
81871
6643
41417
151015
114149
62899
41897
139373
20677
18744
100650
53442
111063
20387
93256
49204
125312
17136
4279
8048
155223
60453
184085
69296
16166
20024
70700
145719
60488
67267
55532
19228
13088
72810
825
68948
64158
56247
78068
21871
36930
163095
56212
164287
36621
91838
134444
48366
41559
24866
131529
13771
117419
11436
132019
22973
11328
132343
12696
17328
12617
134245
23640
45046
46149
111872
84756
30327
146586
115090
169623
161599
145781
1529
74076
9592
5261
48349
88804
73990
127590
61623
10215
97109
118469
66761
57242
148198
67648
41644
28895
71127
45928
123925
5497
39551
149480
19884
146953
8910
20975
12246
63407
76810
78117
23786
129817
132500
63342
74664
76468
122525
144921
7539
184053
68996
2275
38257
37174
87022
42449
51532
97651
8592
26143
127933
21478
23930
51450
27397
49946
168600
63835
134000
4556
98136
132577
43836
124354
26872
1642
29742
54009
111864
59003
81485
111572
4445
39594
47485
12875
36284
128598
23734
39821
38979
70172
59708
3075
17133
172294
44547
31900
48173
43018
52889
99076
134682
108895
36772
158935
113122
33898
37058
13856
63151
91287
51300
6260
75460
36933
151865
2471
38961
110533
2655
40012
27004
10367
109187
46613
76988
69051
150932
89629
25981
103911
87100
6890
23159
53255
80706
98172
104544
167772
124936
162126
21920
36270
97726
79197
