400 400
157
36
342
166
395
797
194
120
125
500
959
74
129
274
609
852
659
416
239
848
756
424
756
153
454
815
659
462
719
2
580
309
305
325
522
439
837
962
349
267
939
520
422
927
783
356
770
544
298
5
518
341
136
863
818
419
230
545
838
73
573
593
869
136
272
493
212
976
366
316
605
479
176
917
777
671
711
248
390
413
753
490
421
872
318
889
829
562
543
872
90
747
172
428
106
397
60
853
613
831
245
824
144
878
951
467
994
754
688
882
832
341
964
448
357
936
767
572
425
403
899
949
896
459
525
40
802
79
594
502
537
147
267
202
427
388
227
819
762
479
130
487
193
995
774
880
767
213
897
156
782
23
950
225
227
240
174
225
466
24
486
490
609
858
565
425
262
675
625
479
867
476
644
27
572
770
708
489
878
908
988
806
879
202
573
716
739
440
215
917
528
764
962
503
318
771
262
72
812
534
76
582
183
608
655
541
376
117
681
85
747
677
769
943
740
853
467
535
987
43
129
432
753
68
820
41
281
774
283
76
333
496
784
969
328
689
922
768
458
574
976
565
416
559
655
347
642
389
884
491
892
631
771
582
900
132
975
742
446
352
525
850
54
459
136
346
622
535
93
609
377
248
302
258
511
663
45
448
447
796
611
833
321
747
101
773
78
135
829
744
414
81
820
46
116
922
417
513
701
705
31
132
298
598
327
515
506
830
901
450
192
884
892
417
906
453
822
424
741
215
772
623
225
783
328
830
118
528
222
574
94
876
617
944
514
730
102
723
361
577
828
237
4
433
636
684
651
645
902
454
423
111
95
653
3
185
23
670
264
104
707
347
146
408
57
103
656
8
462
385
392
496
652
599
719
452
589
299
347
273
869
211
905
577
554
18
213
438
459
419
58
316
403
800
140
875
665
720
610
178
47 364
1 143
60 235
176 242
295 396
286 328
11 171
49 241
312 350
153 349
66 186
96 351
47 291
173 236
295 391
220 234
45 283
83 289
370 386
109 195
316 343
181 192
112 347
105 237
166 340
27 359
124 343
312 356
70 78
60 134
36 80
309 341
179 264
116 359
96 196
50 252
145 231
313 369
34 64
291 300
158 354
267 321
47 306
158 265
201 376
154 390
39 192
147 179
236 309
28 59
245 263
103 400
293 310
61 136
43 375
48 245
227 261
302 309
91 351
23 319
76 231
106 187
167 309
1 307
15 247
1 183
49 209
239 353
34 249
34 134
2 173
146 254
222 303
73 397
252 390
185 378
176 247
9 248
62 138
184 243
5 385
261 330
134 196
111 292
192 323
138 328
237 285
135 322
13 142
87 240
20 122
100 162
231 340
294 319
49 349
33 372
103 295
29 365
157 362
80 105
146 223
238 391
39 150
29 60
120 376
118 305
36 302
234 271
143 171
220 310
26 330
111 346
45 189
98 219
148 396
119 387
64 320
85 330
69 291
183 369
24 367
36 289
374 382
388 398
116 253
201 334
271 335
245 284
166 193
16 87
176 374
72 133
100 250
14 150
274 400
254 290
38 104
16 258
201 236
51 216
302 350
116 177
153 215
70 159
124 167
156 252
150 203
190 368
91 395
27 54
15 95
220 298
86 235
22 185
78 160
242 346
185 351
222 224
32 272
180 377
37 243
301 323
186 202
84 318
118 303
44 348
107 263
280 398
269 399
279 293
212 284
146 156
192 241
40 57
230 251
109 357
46 166
198 316
244 399
26 282
2 198
336 394
26 38
261 353
203 257
300 398
102 347
62 379
210 243
9 165
118 129
199 278
87 380
61 271
8 123
275 360
75 335
191 232
5 42
1 192
117 216
91 301
163 195
12 186
247 343
127 375
109 139
31 38
321 335
88 392
227 342
14 369
71 195
185 214
143 180
203 338
13 286
44 157
27 151
268 385
204 239
136 163
17 152
337 338
253 398
201 324
8 113
147 296
266 312
231 301
67 382
213 319
45 359
295 372
168 339
52 307
205 298
126 206
89 131
69 315
101 121
167 398
217 239
108 361
204 245
200 221
1 251
130 156
41 74
12 37
91 345
280 324
134 217
186 271
76 283
164 321
150 207
25 303
17 233
41 367
40 345
73 346
387 390
231 380
244 258
41 48
243 336
6 176
146 285
106 346
125 242
344 370
38 216
135 367
92 214
105 209
69 347
242 381
32 109
85 136
51 182
162 243
66 298
305 313
70 141
78 366
179 213
49 326
50 68
95 129
33 55
136 252
238 396
202 351
90 130
128 387
25 271
111 231
2 145
1 147
119 355
74 345
213 225
10 363
155 284
225 230
203 275
101 170
78 238
163 238
104 194
21 202
185 199
293 341
87 326
171 208
126 176
13 109
29 82
143 236
53 379
183 307
39 290
119 125
39 219
137 399
72 149
71 305
197 248
153 156
122 180
165 259
30 239
90 196
79 230
106 315
19 26
193 266
18 107
100 118
195 261
17 254
303 346
206 281
179 248
58 186
270 397
191 195
236 262
51 384
55 136
117 179
64 152
85 165
105 199
112 300
96 348
116 322
5 77
87 397
137 351
102 164
75 141
29 55
19 136
158 330
17 111
107 115
25 168
209 278
1 292
364 371
113 185
124 337
316 320
192 265
64 112
272 295
124 334
72 157
100 240
144 270
64 348
184 360
90 137
172 375
141 308
211 221
201 244
184 285
101 248
189 385
94 289
51 375
93 328
4 313
347 398
286 359
152 338
160 309
