13929
142727
147095
172901
10800
69421
24185
36943
125933
55452
83947
61612
2034
112478
85329
134059
81783
235497
14393
1621
216742
20479
54177
12168
117231
30919
112800
41355
160251
23774
47798
63685
147953
68578
220104
193620
171352
100370
117487
194909
48131
5338
189568
103510
32084
72420
90128
230541
30348
145298
66774
227677
73978
102007
12433
61806
36599
8973
146718
187929
232287
2534
49618
156109
141540
75250
161056
33258
34403
73779
161252
5514
108585
3189
34175
37501
68745
132664
22754
101643
79745
170840
97942
5437
116681
88212
143613
24081
176241
17915
176127
46769
167437
71203
13094
168246
119696
37839
5258
23873
37203
52148
79783
7890
63496
57481
118064
160656
237172
4269
32867
79739
27898
67360
90173
112066
50001
87955
75887
162087
74445
74973
12160
61380
52028
214553
141867
3553
181337
22417
44918
161421
2283
174184
55522
27990
1927
195627
228034
11563
120218
149384
88175
179464
58854
91864
202903
65234
6507
45910
1769
33699
3983
37099
115344
25098
1654
85010
49899
54920
93407
81306
71074
158525
25926
57182
204705
160461
2988
19539
147200
89871
59600
57299
152377
40124
4657
94462
155655
74055
61236
7649
126426
146385
130679
94072
185873
85617
88345
100125
206431
209334
39495
233173
82570
65141
79327
54622
60239
55618
114759
2602
169369
93216
12433
8529
7392
231100
70922
62185
9333
90300
37581
110342
17608
56833
106014
134604
47446
243499
71490
18665
159758
64115
119827
118368
60148
65753
11437
6392
2291
183939
35445
923
34773
58293
201828
107537
108882
123812
39275
132772
73410
41357
81848
90943
142379
2629
69736
183615
4864
106189
106521
46387
109832
44670
206294
44867
106387
87147
93154
67533
161596
81445
146926
176388
13290
144131
41706
64059
56896
14051
24684
84035
4382
11229
88747
28091
112949
173499
65821
68363
1538
89317
175201
81606
26771
80434
70432
66238
92990
159105
162918
6907
162866
89025
19162
43200
72882
25881
251920
93738
29947
103769
16464
71310
160648
128173
6221
54003
203115
127126
112830
150016
31079
99804
39255
101568
17455
128613
32984
194041
110275
36795
146758
79879
126322
136312
34227
25721
161935
85143
7344
33211
29382
141450
18408
109405
42701
105175
42834
101982
47979
37410
109649
92863
126701
35593
79408
92838
128700
63088
51306
149234
8949
213032
49689
37015
34542
30124
80442
170207
17039
118404
82189
35842
108818
48550
205402
18380
13541
45469
76972
37060
41735
40501
26613
27272
142100
193572
91209
144207
63759
155537
44013
137409
146702
2741
5680
139601
35726
70837
100045
199713
29491
223146
188312
111082
191927
171752
216668
127338
9496
49993
16708
122144
152645
9594
83442
103233
79984
12490
131042
24768
8822
26012
89584
61473
32888
17249
85458
7753
8092
142666
67975
15641
3845
122693
63256
195249
10214
108479
31224
118088
212407
22845
21329
76129
113732
36467
156295
164853
161957
167240
19632
6328
19745
34252
207673
84360
42817
158502
151626
202936
28578
5912
162355
6098
53250
81092
8711
1811
94761
179772
20590
31501
50835
114553
113239
38608
14222
17870
95302
214187
47832
57516
132629
44306
98855
7588
4189
148572
94143
87448
94670
15136
137320
107213
59194
104596
61634
113195
80901
176675
189973
15110
186116
129731
157582
98076
