500 500
197
969
608
657
588
182
681
503
285
833
329
591
764
139
4
327
800
487
439
850
229
154
139
814
239
197
76
202
209
958
485
274
425
523
661
527
827
322
970
207
911
331
177
692
840
52
308
282
80
510
652
618
785
228
714
798
189
499
316
9
886
963
233
919
637
578
945
164
923
650
620
302
368
215
422
725
499
921
439
701
981
508
321
507
648
387
351
782
996
699
732
394
209
625
67
153
964
948
283
556
64
191
384
989
971
772
349
608
515
693
721
626
729
209
820
82
400
769
981
310
54
972
780
499
639
788
741
64
654
32
940
300
50
220
540
212
298
242
665
41
733
43
655
960
478
763
453
867
223
128
568
743
235
661
779
745
14
806
949
781
374
755
292
802
77
884
219
589
573
839
303
549
319
366
355
328
542
296
300
396
554
436
363
553
895
340
856
545
604
658
549
97
38
558
985
873
976
970
801
775
800
714
800
937
159
528
867
556
906
568
721
832
168
15
940
718
107
128
773
935
775
627
146
141
942
743
220
590
64
840
433
701
563
433
724
170
251
941
304
212
756
313
300
574
821
939
237
375
488
184
24
544
301
884
207
929
594
44
197
47
187
746
767
662
440
812
746
92
640
174
664
257
30
883
181
425
905
108
249
883
360
867
802
665
83
54
984
502
874
293
306
880
126
609
984
987
834
88
475
813
980
719
325
403
969
803
650
710
736
829
838
451
701
551
337
198
966
590
193
477
345
232
709
821
752
81
118
694
737
774
125
224
13
298
29
595
960
936
740
723
320
415
78
58
769
299
839
420
118
421
286
311
104
323
685
44
822
653
597
430
432
187
706
555
544
330
689
498
59
217
107
587
783
495
134
294
262
310
81
329
535
703
585
628
353
15
120
881
86
175
242
468
680
374
959
594
844
602
495
233
206
998
734
420
491
462
648
513
652
231
754
936
511
982
696
685
781
280
569
817
782
497
263
410
124
446
966
651
990
157
114
121
25
676
541
314
50
743
578
28
271
548
191
567
148
814
46
323
703
647
5
985
419
400
482
473
980
530
958
441
787
453
509
985
950
595
904
155
553
941
222
88
784
909
81
106
452
624
918
519
457
617
317
229
627
717
516
560
691
792
950
658
675
286
140
116
392
993
591
386
321 351
56 320
83 364
127 466
363 388
300 441
59 103
302 380
79 312
180 283
131 292
23 143
445 449
266 488
173 331
213 481
178 328
45 499
289 310
8 10
27 450
436 474
297 408
258 283
121 343
163 218
192 412
331 419
17 318
195 232
338 438
120 238
136 422
188 311
9 440
21 401
101 434
267 466
93 312
120 500
289 387
189 197
15 386
120 313
383 448
292 435
18 194
52 494
222 284
17 295
229 362
28 468
169 306
60 246
460 481
325 457
366 443
78 91
77 355
121 488
8 463
398 402
148 237
182 485
160 437
221 372
83 397
274 332
287 349
27 167
68 380
331 344
64 266
184 188
163 223
317 401
216 350
192 454
21 68
42 230
47 197
18 343
185 372
132 145
234 467
180 344
115 397
449 490
67 408
252 288
102 447
336 430
73 398
292 433
399 420
66 393
202 439
107 181
391 399
220 267
301 377
315 424
242 405
128 146
262 391
239 353
157 388
122 435
5 467
452 458
50 108
94 242
139 192
112 237
60 224
131 344
44 138
80 242
222 375
92 409
7 153
234 388
402 420
26 144
127 224
24 442
203 483
383 392
87 439
261 301
129 211
157 470
491 493
144 481
203 307
319 383
394 396
30 408
25 467
110 130
33 257
78 362
72 234
80 426
337 459
229 414
60 454
94 213
244 256
281 369
157 159
37 98
164 170
310 393
235 466
115 163
324 326
174 331
47 142
287 397
83 259
248 413
225 365
176 485
442 489
68 176
56 454
75 384
429 437
360 403
2 286
315 498
17 129
312 431
98 396
210 291
444 453
128 307
33 323
218 364
114 227
367 385
181 424
196 480
122 375
89 266
29 390
94 255
264 441
53 236
37 435
26 429
259 331
43 492
61 209
145 266
275 429
218 321
122 232
366 478
61 276
235 240
24 345
202 389
475 498
222 238
447 460
22 472
241 385
161 280
118 135
296 474
362 440
211 429
57 88
252 363
37 232
118 381
397 486
14 489
308 457
255 293
59 362
324 459
98 321
120 345
233 351
152 276
66 85
229 241
451 455
140 497
161 224
69 69
233 301
65 173
65 457
36 234
19 224
82 312
380 458
40 292
194 325
153 225
98 250
97 267
161 441
79 82
202 334
5 359
364 374
267 478
177 384
150 232
39 243
78 160
72 471
318 414
275 485
82 244
184 359
62 188
98 412
244 409
167 457
155 497
8 37
191 471
406 485
304 434
245 357
372 402
354 407
106 265
14 24
480 500
157 320
322 387
100 310
41 373
216 343
193 316
155 157
237 416
118 461
200 357
43 91
3 159
163 296
247 383
95 272
71 378
160 478
419 432
90 408
268 449
300 334
57 137
328 478
135 186
3 492
12 195
62 113
71 266
435 466
309 458
99 412
95 337
324 337
296 406
28 419
128 378
154 369
172 465
361 423
236 438
326 412
228 430
20 57
181 428
168 225
118 494
138 345
64 127
76 354
59 204
125 370
11 274
409 473
279 322
8 314
135 296
259 274
385 452
218 279
30 296
447 479
285 500
360 450
45 240
205 290
267 469
1 95
411 481
255 473
300 485
67 304
288 356
220 381
246 433
86 325
147 265
253 352
69 350
414 428
11 426
146 234
28 97
368 439
94 152
223 389
137 468
368 406
81 303
231 399
201 269
63 266
226 317
74 470
29 64
346 378
246 332
184 323
337 414
187 263
277 353
54 103
371 424
17 289
72 451
244 426
67 337
298 426
74 372
100 185
102 364
71 347
430 438
48 60
24 291
35 100
104 232
39 222
3 395
364 422
8 446
69 430
89 299
122 494
24 351
64 481
16 259
347 367
60 153
403 433
29 257
147 447
190 203
133 294
10 206
334 495
251 278
216 478
457 499
203 217
448 492
222 405
15 134
204 268
65 94
64 219
424 442
457 467
212 495
161 291
126 158
325 335
87 314
154 272
63 441
456 470
176 390
75 130
58 281
80 490
277 313
246 290
295 449
96 308
205 279
29 320
12 324
154 467
162 488
418 459
230 241
411 450
16 83
6 412
196 355
300 390
46 345
184 478
10 407
3 63
77 86
149 465
431 448
359 466
131 287
338 357
256 260
290 478
130 482
231 274
265 320
235 332
214 447
212 441
275 346
155 182
271 302
97 278
48 463
152 237
132 239
6 262
247 331
248 451
469 483
153 159
122 412
298 486
173 337
279 465
276 301
2 265
6 209
259 378
120 316
18 138
231 460
14 171
12 351
70 438
34 63
134 497
191 447
108 414
125 309
