5210
48168
228086
3801
101618
69195
154626
145987
162800
107029
75744
119072
153128
69205
88774
37661
138579
88361
13784
18359
131245
14753
57671
111166
34489
130083
72211
119680
108471
205659
90539
116897
81514
7522
42058
164695
35130
188200
197894
183380
156096
65581
16009
213728
2425
120645
49743
47912
214410
120469
54401
105014
200592
172327
50022
51613
139417
73246
23868
78910
102982
105384
27994
109905
120773
168217
62032
93122
80672
165574
110526
35575
6005
205938
1052
45226
191871
21069
115059
17345
22963
120761
80795
88774
28324
17907
16738
20998
81586
55204
35811
128263
54409
203965
76586
17272
73333
3192
186445
38752
150841
29847
14311
131366
120345
47089
41950
109999
58222
140386
1251
16208
84241
129397
46885
178348
71517
131529
113634
29213
185642
94324
87598
151850
54119
185656
215737
101644
14234
7516
24874
138487
126166
140129
92261
147682
58229
182543
199614
29293
34615
185162
3977
109724
93752
44386
8156
9154
178531
65228
17892
143311
84354
11999
72947
26533
67963
18065
87749
169205
18861
81936
59825
44136
77229
163651
121805
18658
88219
22551
33888
14341
18386
153319
48677
97068
82143
13544
192256
150995
92530
89553
35314
226045
23870
11557
101187
63891
82633
80788
104242
64462
97474
131351
162448
158757
158967
23571
4806
49844
21865
131978
153962
13970
104171
7943
205302
32742
87386
188140
91995
101696
65246
45909
34940
10327
115565
189814
58532
24775
3947
124793
52707
83405
40101
192141
587
217353
127265
8425
185080
126455
79917
87777
118476
92623
153365
22798
36283
155057
138313
99715
112414
11050
76763
2028
132262
106741
178278
148251
79830
64506
26604
74980
204842
67578
114852
69320
28311
187890
156765
92469
61362
63463
12263
201665
156145
40232
26050
195407
148013
25680
22077
3286
35381
34564
49758
86117
157608
131670
141274
115830
75958
7301
173568
52427
115932
156596
13745
88696
72959
169554
135456
4574
7324
200359
101241
7585
33573
23884
9295
37198
214627
57227
104360
13701
5547
190084
204681
99503
166073
149959
3488
80449
22493
121516
40731
92039
175353
129307
63932
73382
5454
14626
54140
22282
24942
14602
185870
47088
121121
168464
45851
37203
148306
130361
49654
55735
7984
65275
9398
35730
189052
17906
31446
11886
203907
16783
118585
18738
27437
66737
3068
76782
200844
93432
21807
172162
129906
109542
65749
102471
71404
27593
96690
26080
17613
193136
88471
9817
59244
96341
21257
123383
4274
69673
137679
158211
203563
131775
110452
203945
25588
16540
43638
227333
125563
3643
147292
52846
52642
34317
125302
65961
13717
132701
162797
71801
15982
192310
84990
87444
126072
157176
16811
80402
22715
109359
71796
66834
174216
39443
43838
176282
20484
166621
18002
71364
30154
15224
113508
58255
121747
96731
95921
53991
10305
173370
99283
158009
32707
110921
39253
103216
14846
105551
42114
114393
75781
69215
136523
48408
80310
230792
94904
53351
60470
34958
38132
183762
18525
66074
77037
35400
21044
30720
66026
19183
71796
35700
125558
48486
2634
15404
17069
63634
103008
21329
42993
8656
63384
194450
33482
105052
83530
12480
39460
135054
52121
181416
923
24804
36411
111281
65279
45907
87473
202131
29366
52510
66128
10334
199458
33003
60574
178702
195055
35695
47473
37958
