500 500
489
849
603
712
711
719
391
120
916
221
62
817
313
669
680
548
161
479
134
743
924
260
404
50
404
487
230
245
362
823
796
887
249
53
521
846
31
986
689
224
56
450
368
840
356
567
674
621
751
316
514
880
278
488
139
331
881
977
567
581
115
529
649
711
206
944
62
846
382
947
494
859
653
372
379
714
822
42
609
372
824
40
114
21
652
927
881
423
305
507
441
750
132
757
532
96
4
74
854
610
191
925
556
179
855
937
631
259
544
170
892
271
241
769
986
807
670
124
764
408
608
546
655
867
653
799
458
394
296
184
684
334
864
225
939
254
883
230
352
158
66
567
243
344
381
637
118
53
591
928
883
316
612
300
915
282
878
670
730
949
119
975
313
239
579
250
417
493
806
88
586
24
590
44
971
581
563
201
766
809
117
805
588
660
89
975
232
28
362
15
708
128
773
918
634
177
738
720
614
424
276
807
653
172
283
266
156
470
943
756
591
454
3
917
359
551
452
368
769
678
351
209
63
628
528
417
288
190
923
750
790
869
811
111
111
382
371
356
549
995
437
418
835
266
801
385
873
829
498
366
625
508
568
40
199
871
251
288
342
227
185
773
275
990
455
614
984
289
70
249
308
557
554
570
701
919
7
124
147
462
439
806
74
90
356
372
462
546
979
103
144
779
540
711
545
57
581
995
380
906
245
574
895
281
484
114
455
41
7
118
282
985
289
102
584
658
213
551
576
748
431
228
231
538
741
910
777
886
73
690
517
763
578
651
687
753
926
990
492
84
761
442
350
559
715
924
276
178
635
307
646
406
577
14
679
956
804
299
648
870
849
226
599
682
748
57
984
68
366
94
8
644
845
577
596
502
731
381
10
508
7
539
454
174
575
1
675
853
170
825
262
287
872
288
228
969
76
548
755
210
976
303
652
245
237
382
621
775
38
824
509
5
106
695
558
717
126
428
532
680
32
793
393
490
341
394
391
868
548
900
542
562
145
166
844
138
42
50
462
42
495
185
94
160
829
137
285
659
18
101
783
162
960
637
504
231
27
406
627
416
180
867
400
253
61
529
146
318
36
702
255
62
973
335
850
225
720
731
242
374
993
880
581
29
632
454
913
356
256
513
713
815
716
875
71
426
275
726
64
407
384 395
137 235
7 479
147 154
200 407
116 252
86 396
182 489
115 451
165 382
138 295
142 382
94 402
4 138
233 415
331 403
143 426
153 333
459 487
188 226
55 321
114 139
191 311
239 476
44 109
128 393
237 382
188 432
197 418
8 424
78 261
170 408
136 303
40 55
50 129
12 341
109 177
54 432
57 462
59 429
34 345
273 406
274 310
41 481
57 59
43 282
265 363
339 441
5 441
233 489
50 156
159 371
5 409
54 399
76 175
301 404
188 482
128 278
440 493
153 316
7 212
43 248
424 489
242 477
235 491
115 463
223 347
110 298
301 475
152 497
195 421
9 78
385 396
63 487
351 352
4 93
48 434
315 351
82 319
434 479
8 56
137 382
298 472
233 415
341 398
463 500
391 427
180 222
121 288
327 438
413 493
1 253
147 254
35 452
323 484
88 121
22 166
359 363
97 483
69 145
107 411
292 348
137 165
3 264
41 281
372 480
191 274
244 480
319 432
143 429
221 224
8 43
174 344
205 480
327 419
84 452
259 405
20 284
36 261
429 495
50 424
186 375
1 173
56 357
209 322
75 459
20 462
285 498
33 60
447 464
206 254
96 373
107 359
56 336
175 359
157 466
244 360
65 434
56 467
317 368
242 317
79 462
389 397
208 430
251 451
336 426
105 118
266 287
14 371
156 289
392 429
103 390
109 277
396 421
89 233
256 315
17 152
182 218
154 333
50 389
98 131
107 271
15 131
329 416
307 474
27 354
38 280
413 458
151 331
158 202
37 103
28 56
179 215
62 365
318 412
254 462
53 215
230 254
51 441
53 355
247 439
253 442
291 358
18 484
212 260
173 195
193 396
354 493
291 466
205 366
90 300
85 211
20 213
97 359
157 495
112 434
54 370
244 294
110 117
46 141
32 72
18 282
134 455
90 116
96 307
135 152
44 464
243 314
37 209
109 498
100 285
162 366
94 224
62 151
340 412
280 300
175 408
91 485
142 259
239 291
62 68
183 442
12 115
31 194
146 226
59 453
143 144
7 453
225 492
341 356
96 481
106 358
145 310
71 245
77 320
81 266
16 327
319 358
329 399
133 456
159 447
232 437
137 363
5 29
275 431
469 473
12 275
49 260
56 414
67 362
156 322
228 356
145 197
155 309
46 467
232 365
223 466
279 420
30 82
39 417
95 413
71 254
41 159
109 234
36 58
20 427
21 335
218 300
266 324
68 473
162 475
195 245
54 97
178 183
48 115
164 234
299 398
138 319
39 353
191 469
96 378
3 232
295 454
231 244
91 448
199 307
161 398
68 381
354 380
102 277
47 190
48 387
133 408
209 216
48 60
33 440
183 389
198 212
278 345
168 216
415 432
139 215
4 440
345 473
262 484
474 498
56 65
3 384
12 425
176 375
113 455
145 457
431 441
278 449
8 54
231 487
355 442
68 248
85 444
14 272
130 260
10 156
479 488
96 123
22 126
403 455
36 81
290 322
32 404
356 460
185 433
145 495
227 324
404 490
95 394
78 341
86 182
102 210
46 59
100 229
425 450
297 363
11 391
128 164
90 152
214 237
29 442
465 498
137 376
56 90
218 273
30 158
180 185
121 275
38 447
196 385
286 330
19 361
33 294
185 409
261 394
9 212
65 207
20 72
163 359
388 447
449 487
99 496
19 194
84 104
167 289
178 372
409 461
96 344
101 107
115 251
18 295
129 461
22 433
60 327
212 441
14 426
345 396
3 36
199 289
9 478
128 384
366 374
35 331
30 129
81 185
325 388
99 348
233 364
358 387
7 273
2 330
30 168
60 90
26 413
138 317
170 347
216 482
25 338
181 215
141 305
259 307
245 479
143 291
258 395
36 383
56 129
319 402
130 499
402 452
48 379
384 422
220 362
96 155
437 477
148 374
113 229
119 362
171 364
279 484
309 416
468 487
77 429
167 365
128 459
51 114
149 368
192 270
117 328
93 121
100 315
142 228
52 280
304 469
135 275
191 478
303 399
48 205
25 498
13 201
60 162
283 405
277 348
285 358
56 426
459 496
244 376
198 354
401 482
286 328
80 139
27 156
32 68
143 291
303 372
212 479
26 119
436 446
393 425
202 236
118 245
77 287
35 73
49 130
114 126
16 140
45 436
369 446
154 363
274 451
413 441
336 415
158 433
172 278
31 393
45 46
315 358
69 137
121 345
316 451
195 289
29 199
30 435
430 497
254 360
303 439
283 303
58 470
149 213
33 152
43 400
92 495
210 282
79 174
396 482
