100
891 172
1933 1529
2000 1
2000 1999
2 1
1423 848
1632 633
873 501
1905 1538
1549 1085
1835 224
902 44
1912 830
1358 1047
1089 528
1039 249
1292 421
596 167
1018 702
1830 1442
1411 884
1591 365
1480 1350
1031 990
1382 254
633 205
1757 931
780 531
1524 139
1647 1589
610 465
1875 1631
1592 858
540 481
1885 832
2000 0
532 167
1149 893
1892 1633
1387 792
1327 1159
688 561
1903 1405
1487 810
48 45
1177 740
814 534
1801 1099
987 5
1918 1782
1203 482
1853 584
1097 223
1178 192
1428 233
933 358
588 102
1546 874
366 205
336 57
807 100
673 606
1873 1829
1797 766
678 83
643 321
1208 1133
1492 1372
1414 1039
1452 1242
1637 407
1495 848
909 719
1865 1160
1354 196
926 392
1492 304
407 404
1056 708
1506 595
1893 314
1853 1296
597 174
1614 818
405 1
1919 1539
691 335
1904 1100
1438 581
181 167
1884 136
505 491
1377 863
1 0
552 191
823 259
1420 835
1555 697
1442 125
1873 553
