100
70403 3494
21916 59114
83664 14135
36179 236
76981 14968
6249 51652
87599 653
68722 25749
0 100000
9 11
2 0
16588 74664
10626 38132
9307 74968
69533 24392
82372 121
66060 32357
52594 169
7959 36425
47898 6130
63775 4052
9828 31400
69341 30041
83509 12207
26337 3486
60256 12124
77187 15720
85528 7494
33420 6414
46873 4435
97048 2424
76656 22329
75304 22745
35643 39080
88109 8354
67067 11880
30551 60243
68227 29046
100000 0
34327 56239
53322 28834
47716 9619
50000 50000
73651 25088
66124 22927
13599 58301
30960 54964
64176 35108
7 13
0 2
15654 23715
30820 64432
70588 13709
80333 12486
50692 26351
51354 32146
1 1
46498 50262
11124 69624
18753 63654
42850 12824
0 1
55144 6557
11577 9577
16761 50855
36563 61506
36705 26447
53896 31406
2934 86132
69781 3635
93541 674
71847 27246
1 0
254 86162
21284 74559
66424 4503
63177 18310
39911 8692
90249 1136
27319 20522
79693 11311
22874 25949
5566 53352
89263 6937
81462 894
98474 90
1568 30962
73908 10794
83839 9056
83020 2874
56584 3887
5329 7910
84678 13873
18551 10075
99635 217
85338 5403
82965 14383
69483 6706
16084 70235
7213 31609
