100
4 2
5 2
6 2
1000 1000
1000 1
500000000000000000 150925325930602013
893145483752624297 824553781379603548
1000000000000000000 423539247696576512
500000000000000000 127
999999999999999999 999999999999999998
1000000000000000000 287609269229847605
391346035883928575 363428606747266238
936652273414549560 759361181250939935
1000000000000000000 999999999999999999
999999999999999999 128
500000000000000000 143647250806060888
1000000000000000000 499999999999999999
1000000000000000000 499999999999999998
1000000000000000000 288230376151711743
999999999999999999 288230376151711743
787630043589454270 740436428853051339
999999999999999999 457342078327293019
4 1
3 2
2 2
999999999999999999 499999999999999998
522899350161860732 417265920906119094
1000000000000000000 127
999999999999999999 280707978310993971
874623304797477240 687050480788930373
1000000000000000000 576460752303423487
687171972765570495 578715653606189362
999999999999999999 999999999999999999
500000000000000000 2
500000000000000000 211769623848288257
999999999999999999 423539247696576512
500000000000000000 144115188075855872
500000000000000000 288230376151711744
334449840958716841 323245010283162860
605741488925512844 528514939722692191
840466894114363338 675616043193096162
2 1
500000000000000000 288230376151711743
553895227850166597 471383129538345628
999999999999999999 1
1000000000000000000 423539247696576513
999999999999999999 343933882043680478
726105435817629734 618081585304423213
862879550931237095 779432639913662826
1000000000000000000 515541942927428432
999999999999999999 499999999999999997
747937253201627548 733991658907915084
936877144024672168 896679634181836761
999999999999999999 576460752303423488
777780321884767341 670644432724889403
280789479402635587 247442054907408570
1000000000000000000 128
999999999999999999 423539247696576511
3 1
372470527794403126 348616489342437271
999999999999999999 2
500000000000000000 247394122041944181
926934350285167276 751249667062794033
984292921398892502 953562004952529600
594569674589368535 584858133781205116
502313832588916375 478904833401893964
999999999999999999 499999999999999999
500000000000000000 144115188075855871
1000000000000000000 500000000000000000
389341303613066228 364996465784579626
604342432384228940 471432434053066372
1000000000000000000 302278410861376268
500000000000000000 128
1000000000000000000 1
999999999999999999 576460752303423487
1000000000000000000 288230376151711744
564903025047846315 453330910727322402
889227768169332251 827141679155141439
1000000000000000000 576460752303423488
1000000000000000000 2
500000000000000000 499999999999999999
785362734932911306 654232954863516242
500000000000000000 211769623848288256
500000000000000000 249999999999999998
670410583089547494 561197160794460716
281504708454190135 226356127730243059
912383545955480802 727847772370140202
500000000000000000 1
500000000000000000 250000000000000000
846142339732130979 767178366678356312
940389852496613063 844046259923089701
500000000000000000 500000000000000000
999999999999999999 127
5 1
544164753919708882 458748361455664293
730625727189644425 633897182487852552
1 1
1000000000000000000 1000000000000000000
999999999999999999 288230376151711744
500000000000000000 249999999999999999
