100
4 2
5 2
6 2
1000 1000
1000 1
500000 237857
762648 623833
598926 530220
1000000 443697
500000 250000
500000 127
745300 629635
459587 431352
999999 999998
1000000 2
896114 810673
500000 262144
4 1
783928 645403
500000 500000
458095 358290
500000 499999
999999 2
560732 484079
1000000 1000000
381513 289323
2 1
999999 262144
868445 685687
316973 303305
500000 249652
919601 742408
1000000 500000
906083 679567
500000 131072
313610 262411
1000000 128
853487 693979
999999 127
999999 524288
999999 999999
1000000 524287
1 1
834940 809157
815684 750362
1000000 475713
500000 161892
524330 395944
752914 681182
500000 249998
999999 524287
661853 614357
1000000 127
609065 573412
1000000 486617
500000 262143
500000 2
999999 499997
387851 331451
654890 575651
666972 637721
500000 237856
1000000 999999
1000000 499999
1000000 524288
500000 1
999999 475712
1000000 499998
500000 249999
999999 262143
863179 677621
5 1
849233 682809
999999 499998
999999 128
500000 131071
917474 712310
1000000 1
626173 543672
999999 505928
500000 128
1000000 262144
259063 250664
999999 328880
3 2
999999 475711
845738 736432
1000000 262143
543059 448979
397705 378049
999999 499999
789782 745083
959643 875610
330626 257651
999999 1
502114 390984
1000000 475712
3 1
599823 498555
2 2
