100
4 2
5 2
6 2
1000 1000
1000 1
782 738
1000 498
5 1
1000 454
354 344
904 832
1000 499
999 999
999 497
757 655
1000 511
438 348
900 719
469 383
999 511
274 270
822 784
479 405
635 538
865 686
500 499
509 486
562 491
500 116
1000 999
999 2
3 1
453 402
500 84
849 658
735 681
368 318
500 162
827 731
654 503
999 998
411 309
500 117
2 1
999 503
265 203
533 488
3 2
500 2
1000 500
1000 488
1000 127
1000 2
1000 512
1000 255
999 128
610 593
1000 256
1000 494
500 127
999 1
588 558
250 237
492 476
337 319
999 329
500 250
335 297
1 1
500 500
1000 128
999 127
328 285
500 255
999 255
500 244
346 316
813 762
500 1
712 593
999 499
500 256
806 723
999 256
1000 489
500 248
500 128
603 582
500 245
421 391
999 498
500 249
827 664
868 711
4 1
2 2
712 607
999 512
999 487
999 488
