Case #1: 0.583333333
Case #2: 1.200000000
Case #3: 0.510000000 8.010000000 8.000000000
Case #4: 33999999966.000000000 4499999995.500000000 37999999962.000000000 37499999962.500000000 46999999953.000000000 41999999958.000000000 1499999998.500000000 35499999964.500000000 11999999988.000000000 43499999956.500000000 36999999963.000000000 7499999992.500000000 31499999968.500000000 39499999960.500000000 26499999973.500000000 16999999983.000000000 4999999995.000000000 28999999971.000000000 10999999989.000000000 42999999957.000000000 27999999972.000000000 40999999959.000000000 1999999998.000000000 29499999970.500000000 9999999990.000000000 17499999982.500000000 27499999972.500000000 18999999981.000000000 45999999954.000000000 34499999965.500000000 12499999987.500000000 26999999973.000000000 17999999982.000000000 46499999953.500000000 6999999993.000000000 13999999986.000000000 35999999964.000000000 32999999967.000000000 16499999983.500000000 47999999952.000000000 28499999971.500000000 41499999958.500000000 2999999997.000000000 24999999975.000000000 8499999991.500000000 49499999950.500000000 47499999952.500000000 48499999951.500000000 39999999960.000000000 40499999959.500000000 42499999957.500000000 15999999984.000000000 44499999955.500000000 14499999985.500000000 6499999993.500000000 10499999989.500000000 23499999976.500000000 9499999990.500000000 5999999994.000000000 15499999984.500000000 14999999985.000000000 29999999970.000000000 12999999987.000000000 45499999954.500000000 21499999978.500000000 7999999992.000000000 22999999977.000000000 38999999961.000000000 20999999979.000000000 23999999976.000000000 38499999961.500000000 25999999974.000000000 22499999977.500000000 20499999979.500000000 13499999986.500000000 30999999969.000000000 44999999955.000000000 25499999974.500000000 24499999975.500000000 5499999994.500000000 33499999966.500000000 3499999996.500000000 34999999965.000000000 19499999980.500000000 21999999978.000000000 2499999997.500000000 36499999963.500000000 31999999968.000000000 43999999956.000000000 8999999991.000000000 32499999967.500000000 18499999981.500000000 499999999.500000000 11499999988.500000000 999999999.000000000 48999999951.000000000 19999999980.000000000 30499999969.500000000 3999999996.000000000
Case #5: 0.666666667 1.988551359 1.866858238 0.620370370 0.677248677 9.002828283 0.783132530 1.575162720 0.742063492 4.586858238 9.669494949 0.607476636 1.089080460 2.720000000 2.009259259 1.222222222 9.675119733 2.481481481 3.340370370 9.067643098 0.422413793 0.863592300 2.502146517 1.343915344 1.072289157 0.080459770 2.130952381 3.321423626 4.729259259 10.878945780 9.891717172 9.610304918 9.490056891 11.064008622 10.091908743 0.555555556 3.777777778 1.444444444 10.499193807 3.796519411 6.222222222 9.425242076 4.164444444 1.807228916 0.121693122 6.334749363 1.494702950 2.603174603 5.666666667 3.275555556 5.727272727 9.054749363 1.566137566 2.361111111 6.287037037 10.456531987 1.152748927 1.887688686 2.421686747 10.276971585 3.240963855 6.149686520 8.869686520 8.447272727 3.942222222
Case #6: 1.032258065 1.045454545 15.455782313 16.863189720 3.818181818 0.545454545 11.045454545 1.000000000 5.729912023 1.666666667 9.955782313 1.838709677 15.333333333 1.058357771 0.361111111 6.031539889 0.916666667 1.122448980 1.333333333 16.122448980 0.333333333 0.921994135 2.166666667 3.387096774 4.000000000 0.740740741 11.636363636 16.740740741 1.180806751 9.409090909 1.027777778 2.136363636 1.851612903 12.989736070 3.027777778 0.122448980 1.353643967 1.250000000 4.376539589 2.516129032 14.455782313 14.333333333 4.055555556 4.363636364 3.580645161 4.321385902 5.717008798 7.272727273 3.709677419 3.831085044 3.785630499 1.167903525 1.750000000 7.818181818 16.455782313 16.001236858 0.012903226 16.333333333 3.772727273 0.694444444 3.361111111 15.878787879 5.909090909 15.455782313 0.612903226 2.149266862 9.833333333 15.333333333 16.000000000 11.090909091 0.694444444 0.909090909
Case #7: 0.048128342 0.248407643 0.518716578 9.777777778 0.184210526 0.149350649 0.090909091 2.250000000 0.421052632
Case #8: 0.263157895 2.290204678 9.505235602 7.597222222 1.250000000 10.024283221 0.013888889 1.040204678 8.320175439 10.545363409 10.291604010 9.817919799 10.261125326 7.583333333 0.019047619 0.526315789 7.597222222 8.347222222 8.372807018 10.564487900 9.535714286 0.268393497 0.005235602 0.500000000 1.250000000 1.986842105 8.386695906 9.035714286 6.500000000 0.782205514 9.000000000 8.333333333 2.276315789 7.583333333 0.035714286 10.019047619 10.054761905 2.039473684 6.333333333 10.594966583 0.287441116 4.505235602 4.500000000 6.755235602 6.347222222 10.255889724 10.550599011 6.769124491 0.282205514 0.416666667 9.005235602 1.026315789 2.000000000 6.750000000 0.763157895 9.554761905 9.519047619 0.519047619 1.059252297 6.763888889 10.581077694 0.755889724 1.045363409 10.559252297 9.500000000 0.789473684 9.782205514 0.736842105 0.545363409 9.524283221 8.334064327 0.421902269
Case #9: 19.113058720 2.600000000 37.000000000 14.500000000 4.214285714 6.932106339 0.398773006 4.613058720 0.666666667 18.714285714 6.533333333 3.428571429
Case #10: 6.983164983 2.229166667 2.227272727 5.042824074 1.088235294 4.972692548 3.909090909 0.024793388 3.572692548 2.176470588 8.951914983 8.792483660 2.201263977 0.142440447 10.792824074 5.823529412 3.547899160 8.527777778 2.041666667 0.828571429 1.348322800 3.042483660 5.750000000 1.371428571 8.824074074 1.323529412 4.947899160 4.500000000 0.958333333 1.583616918 0.117647059 1.529411765 4.032407407 6.686868687 9.782407407 6.676470588 4.852941176 0.264705882 1.260416667 3.236134454 6.029411765 2.671852212 1.558823529 2.771428571 4.877734565 1.968750000 2.647058824 2.971428571 3.074074074 2.777777778
Case #11: 1.214285714 2.428571429 0.487046632 2.785714286 11.987046632 2.812717770 11.500000000 0.871192974 3.299764402 0.384146341 1.585478688 2.678571429 1.098432056 0.714285714 2.071428571
Case #12: 1.529411765 3.088235294 3.290322581 0.378378378 3.676470588 1.000000000 1.558823529 0.967741935 1.058823529 3.668700959 2.500000000 1.558823529 2.243243243 5.533565824 0.645161290
Case #13: 1.181818182 9.225727337 1.636363636 7.197802198 2.959817730 5.714285714 1.235294118 1.641769042 0.490253890 9.280672392 1.052567164 1.393939394 1.000000000 8.983516484 0.217526618 0.975102375 9.483516484 0.133802817 9.197802198 0.539793540 1.588235294 9.142857143 10.500000000 1.176470588 0.054945055 0.077464789 9.983516484 9.928571429 6.934607646 6.857142857 0.484848485 1.187223587 6.412087912 0.082870194 1.719233831 0.567718679 10.554945055 1.399344799 8.928571429 1.093567251 7.142857143 2.965223135 0.350192061 0.622663734 0.545198945 9.428571429 2.882352941 0.093567251 9.220321932 1.819650937 1.264688376 0.272727273 7.785714286 6.940013051 0.005405405 0.212121212 1.476809588 3.352941176 0.969696970 6.000000000 9.275266987 1.764705882 0.278132678 6.357142857
Case #14: 0.250000000 0.333333333
Case #15: 0.515463918 48.000000000 0.391752577 44.500000000 1.061855670 1.381443299 1.309278351 32.500000000 6.000000000 5.692307692
Case #16: 1.500000000
Case #17: 0.045045045 9.461406518 2.636363636 1.545454545 6.825042882 4.312272727 6.175909091 2.870497427 2.409090909 57.825042882 4.643224700 52.863226863 61.006861063 3.825042882 6.090909091 4.415951973 51.000000000 0.188679245 2.766818182 4.454545455 2.597770154 6.279588336 1.818181818 3.636363636 52.545454545 52.818181818 0.545454545 3.909090909 2.681818182 2.494090909 3.370497427 51.734133791 2.825042882 51.545454545 4.539545455 24.000000000 10.006861063 3.994090909 4.227272727 0.734133791 3.721363636 2.721363636 1.863226863 0.085000000 9.272727273 5.188679245
Case #18: 11.111111111 1.111111111 0.647368421 0.536842105 2.583333333 10.916666667 4.000000000 3.416666667 0.064516129 0.173684211
Case #19: 9.287287287 9.050000000 2.971428571 5.500000000 10.341341341 3.493762994 1.581081081 4.057142857 2.900000000 2.439708940 1.050000000 4.085714286 6.310052910 6.841341341 19.500000000 0.653846154 1.428571429 1.054054054 4.700000000 0.800000000 7.957142857 3.375000000 2.228571429 6.462962963 22.128571429 3.257142857 10.881881882 1.857142857 3.025000000 1.200000000 6.128571429 4.481481481 3.950000000 2.962962963 7.981481481 20.300000000 1.450000000 5.710052910 2.628571429 2.525000000 8.500000000 3.500000000 2.482417582 6.314314314 1.405405405 5.787287287 1.228571429 2.028571429 1.714285714 2.700000000 2.368131868 4.962962963 23.450000000 1.351351351 7.381881882 8.462962963 5.228571429 1.567567568 1.500000000 23.557142857 4.885714286 1.882417582 2.025000000 21.728571429 2.418918919 24.385714286 2.514285714 5.100000000 1.615384615 9.814314314 1.878378378 2.966735967 1.300000000 2.657142857 8.785714286 2.082417582 9.810052910 1.600000000 21.500000000 1.828571429 0.824324324
Case #20: 0.625000000 8.400000000 0.300000000 0.288135593
Case #21: 6.757575758 0.507575758 5.222608696 1.193548387 4.926930596 4.440000000 4.947575758 1.382608696 0.600000000 4.419354839 1.406048387 2.739130435 1.222608696 0.741176471 5.139430596 4.631854839 0.440000000 0.212500000 0.782608696 6.250000000
Case #22: 30355174.313639972 31928671.119192116 23942940.297403146 43074406.638422884 3784686.209472696 26250655.177593220 31102585.127498236 8636616.159377713 28890428.758717120 30809094.421248239 2826388.858206874 3035349.907154403 34565145.160782516 31433984.170938447 8767032.481851267 28839237.864746109 5461632.191551752 12272124.623547092 4314017.447753946 32567330.682421088 18651485.110154923 25558941.922896352 31753112.328339454 31711556.398823205 7302286.926928414 28265539.009026911 24436583.542729516 29204508.074126344 30897338.044741571 26835648.107724227 40350243.593357109 25394880.893995337 34435719.443888977 24071313.333349280 31346286.189442970 2450356.977023399 10379096.412166985 3918341.910154926 11193314.766248617 22455311.707856074 23998601.989252903 19832001.960782520 25614603.614746109 17405719.676385172 8686266.441551752 24623491.738943111 23080201.457546283 25112239.612166978 32425096.046741445 1492059.625757576 23419409.641551752 20194775.391551752 38368971.758483663 38993861.508173876 24461712.411325760 33621501.089807346 4876639.261420748 25924212.132276587 9845842.339149741 24038498.808812104 4369679.139603700 27005267.823547088 25979873.824126344 28704036.869192116 30532067.835361335 41206017.876954995 10101361.714300565 20139113.699701995 9728569.211325765 9287143.360218933 35514529.301187456 28648375.177342359 23413609.059121896 26779986.415874470 29881540.634520117 25029610.684615102 29730284.563949764 39984973.383976877 24567830.047093354 27160746.587795287 27223236.239252903 19609782.461420745 11180171.571599040 30060282.357724227 2979688.215304649 30246810.843900353 7594313.389603700 27848125.988943111 28119043.939061109 32790366.256121680 6259984.157154403 25292357.826327398 7952814.127769634 18740048.908834469 33646140.539719559 25926457.966248613 28916066.209868129 5405970.499701998 32970973.888966125 29540955.959558338
Case #23: 2.285714286 0.451612903 4.400000000 3.703703704 4.370370370 1.809523810 9.600000000 2.259259259 0.761904762 2.000000000 4.210526316 0.348484848 0.473684211 5.664697015 2.111111111 3.000000000 3.777777778 1.631578947 3.407407407 2.622607922 4.851612903 2.592592593 2.444663060 0.333333333 3.047619048 6.496240602 5.213084112 10.051612903 0.813084112
Case #24: 0.441176471 3.631578947 1.380952381 3.308032708 0.575757576 0.723905724 0.858823529 2.333460657 1.453317489 1.423905724 2.966329966 1.434581105 3.203081232 1.095238095 2.231601732 0.700000000 2.535714286 1.087542088 0.303030303 3.485434174 0.723529412 3.144257703 1.576846900 3.466856237 0.852941176 3.363152534 2.049783550 2.761904762 0.382352941 0.761904762 2.578947368 1.480519481 1.305169340 2.315789474 1.428698752 1.275757576 3.657894737 3.317989418 2.818181818 2.504329004 1.299286988 3.067989418 1.582729253 2.964285714 2.335305435 1.928571429 0.954545455 2.153487253 0.894736842 2.815789474 0.904761905 1.305169340 4.265616954 3.461904762 4.242087542 2.605263158 0.103703704 0.729411765 0.564705882 0.148148148 3.214285714 2.180519481 0.939393939 3.357270181 1.453317489 1.447435136 3.078947368 2.639417989 2.339343010 2.608032708 3.204329004 2.763157895 2.032275132 0.729411765 0.954545455 1.844155844 1.000000000 1.058249158 0.285714286 2.095238095 3.542087542
Case #25: 2.307692308 57.000000000 2.000000000 6.214285714 59.000000000 48.500000000 64.642857143 2.358974359 1.461538462 4.357142857 4.025641026 4.785714286 3.000000000 3.500000000 1.500000000 3.051282051 3.272364672 2.410256410 2.192307692 2.948717949 4.307692308 65.214285714 3.256410256 3.179487179 1.820512821 1.538461538 62.000000000 2.846153846 0.846153846 3.000000000 3.142857143 0.118518519 3.384615385 62.500000000 3.153846154 2.461538462 2.692307692 2.846153846 1.580056980 2.538461538 4.000000000 5.642857143 4.928571429 60.500000000 1.384615385 63.928571429
Case #26: 16.000000000 71.000000000 3.227272727 2.205882353 0.363636364 73.980186480 50.025641026 2.294117647 2.136363636 1.500000000 1.382352941 3.567567568 73.343822844 25.025641026 73.954545455 1.525641026 74.252913753 1.441176471 0.116550117 1.728343728 2.954545455 2.318181818 1.500000000 0.621568627 0.923076923 3.856548857 2.772727273 62.025641026 0.025641026 2.081081081 3.802494802 0.090909091 1.864864865 5.721413721 0.033333333 2.540540541 1.882352941 74.227272727 25.000000000 2.459459459 71.025641026 62.000000000 4.076923077 2.846153846 73.318181818 48.000000000 1.702702703 3.405405405 1.648648649 3.882189882 50.000000000 48.025641026 0.588235294 3.615384615 2.153846154
Case #27: 15.000000000 0.007575758 2.400000000 19.329004329 3.721861472 2.533333333 1.464285714 17.221861472 3.714285714 4.900000000 4.821428571 3.800000000 2.436147186 7.807575758 0.015151515 7.800000000 20.364718615 13.100000000 18.221861472 14.507575758 2.966666667 9.271861472 2.464285714 15.971861472 1.000000000 2.714285714 8.500000000 5.857142857 3.247619048 9.500000000 3.255194805 17.755194805 4.600000000 2.721861472 5.864718615 1.600000000 9.800000000 0.533333333 3.500000000 1.471861472 7.900000000 1.600000000 2.428571429 14.500000000 4.829004329
Case #28: 3.498113208 0.218623482 2.448275862 0.331578947 3.770769231 1.770769231 2.894339623 0.384210526 1.930769231 3.882637629 0.846740193 0.715970962 0.026315789 3.856321839 5.614942529 3.628882438 2.680546519 1.880000000 1.800000000 0.320000000 2.460424403 4.013406859 0.352631579 0.916666667 1.797085020 1.094339623 3.311433757 3.655198228 0.426315789 1.698113208 0.863157895 1.640000000 2.329655172 3.051424643 0.830188679 0.226315789 2.037085020 3.025108853 0.424528302 1.243296922 3.640000000 0.130769231 0.468421053 0.908278654 2.355970962 1.867924528 0.192307692 0.115789474 1.965517241 3.166666667 4.074945321 5.132183908 1.957085020 1.216981132 2.010769231 1.586206897 3.797085020 0.157085020 0.263157895 0.689655172 1.028301887 4.752873563 1.009433962
Case #29: 0.965217391 1.400000000 1.022360248 1.571428571 1.233333333 1.290476190 0.457142857 0.628571429 1.000000000 0.921052632 0.868421053 1.600000000 0.526315789 0.552631579 1.965217391 1.244444444 0.500000000 2.136645963 1.114285714 0.565217391 0.444444444 0.157894737 1.000000000 0.400000000 0.976328502 1.371428571 0.652173913 0.833333333 2.404761905 2.233333333 0.411111111 1.500000000 0.011111111 0.763157895 1.461904762 0.921052632 1.193788820
Case #30: 6.217391304 2.954687500 2.879687500 1.736842105 6.577055921 3.429687500 7.805555556 5.629687500 2.534990530 44.554687500 1.909990530 5.130434783 43.604687500 3.421052632 5.555555556 1.947368421 1.425000000 5.434782609 10.005555556 1.700000000 0.030303030 6.980555556 2.285714286 6.652173913 3.504687500 2.504687500 7.043478261 2.956521739 7.505434783 7.880555556 2.473684211 2.950000000 2.325000000 4.450000000 42.000000000 0.850000000 3.210526316 6.915401786 3.827055921 4.715401786 3.554687500 2.465401786 1.179687500 3.129687500 2.127055921 3.890401786 2.775000000 4.840401786 4.629687500 8.330555556 43.879687500 4.502055921 1.634990530 5.415401786 4.659990530 3.159990530 5.608695652 2.375000000 3.954687500 2.554687500 8.505555556 1.604687500 3.782608696 0.209990530 4.165401786 46.629687500 1.000000000 2.429687500 38.000000000 2.984990530 2.250000000 0.010101010 1.879687500 44.504687500 0.179687500 7.930555556 2.604687500 6.405555556 42.179687500 2.571428571 45.129687500
Case #31: 0.111111111 0.864864865 0.781250000 0.901524527 1.077660891 2.233910891 1.624089072 0.577678181 0.651752255 0.595397378 1.046410891 2.518518519 1.259259259 0.968750000 0.518518519 1.074074074 0.972972973 0.011363636 0.664466447 1.000000000 0.626626627 0.025125628 2.125000000 1.219219219 1.490855336 0.555555556 0.792613636 0.486486486 0.553355336 0.629629630 1.207307810 1.244344847 0.968750000 1.281250000 1.351351351 1.378378378 1.185768999 1.085437710 1.531250000 0.108108108 0.133233736 0.008849558 1.196548822 1.218671447 0.552552553 0.686589072 1.598963444 1.182182182 0.621621622 1.640160891 1.193545819 1.111111111 0.444444444 0.937500000 2.407407407 1.370370370 0.108910891 2.515515516 1.076858108 0.890160891 0.661463444 1.390160891 1.601966447 1.185185185 0.630471179
Case #32: 0.631578947 4.978328173 1.733333333 1.900000000 4.764705882 1.651649407 4.500000000 1.357531760 0.294117647 0.264900662 0.482758621 4.898294492 2.400000000 2.300000000 0.736842105 2.598911071 1.030959752 0.620689655 4.300000000 2.863811733 1.504643963 0.896479610 1.001742768 1.210526316 0.894736842 1.800000000 1.862068966 1.188854489 1.526315789 2.382758621 1.622432423 4.684210526 4.782758621 4.633393829 1.820433437 1.816091954 1.791216452 0.925696594 3.896551724 2.216091954 1.475426978 1.333333333 2.766666667 1.620689655 1.159637504
Case #33: 6.259259259 0.235294118 3.891544118 3.666666667 8.363636364 4.090909091 20.848484848 8.300000000 3.518518519 8.347826087 20.700336700 5.130434783 4.217391304 0.111111111 3.656250000 4.600000000 1.130434783 1.343750000 17.181818182 17.292929293 4.800000000 5.304347826
Case #34: 0.744558298 5.690696438 0.801868240 1.162979351 3.815026135 0.131889458 3.141968121 3.638888889 4.614141414 3.107423795 0.017699115 3.579646018 0.919515299 1.083333333 0.079646018 0.789473684 3.428571429 2.857423795 0.682611396 14.250000000 1.885201573 5.000000000 3.090909091 1.028571429 0.018181818 9.500000000 3.579646018 2.901515152 3.205582137 1.805555556 3.697293077 0.035398230 14.095959596 11.318181818 12.590909091 3.952160638 1.094736842 14.367647059 2.114190343 0.722222222 0.875267511 2.628571429 0.839869281 1.895424837 0.568421053 3.187400319 3.676137246 5.457070707 3.027777778 1.210526316 2.953915024 12.687400319 0.857568396 1.600000000 3.205099434 3.124269006 5.475252525 0.117647059 3.500000000 5.018181818 1.259470579 3.872514620 1.189473684 5.708878256 0.114190343 1.777777778 0.757620452 2.000000000 0.664912281 12.401515152 2.083333333 2.919696970 1.836363636 2.485714286 3.589869281 3.472222222 2.771428571 2.096491228 1.818181818 0.096491228 0.739921337 4.595959596 0.176137246 2.002848632 4.048651866 3.718534907 3.109090909 2.777777778 12.705099434 0.700310511
Case #35: 4.368421053 1.736842105 2.263157895 0.314960630 0.421052632
Case #36: 4.176470588 30.000000000 36.823529412 1.529411765 3.833333333 34.000000000 1.869565217 1.861111111 5.166666667 4.000000000 0.136690647 3.777777778 3.398976982 2.823529412 32.823529412 7.000000000 2.583333333
Case #37: 3969741.543456795 3850135.548003754 3294127.521374277 9866417.463816987 1680938.362637363 2239193.252140544 2891105.998525416 5177126.838961072 990113.461349631 1318481.306715801 3301037.831346859 2368870.699711910 4770697.634365886 7972137.038789934 4406645.869640026 1865098.179313801 9674256.758863341 1992531.298198222 6710618.819600070 4388454.452227186 1021441.573605556 2414195.895970696 635649.660560367 8892494.682102038 3296492.955109235 2890063.750514049 4402100.993402403 602728.664835165 8753899.115551237 1403684.755744256 937475.923916476 8806182.350871753 1424322.047294253 2069324.483706543 9274737.864240738 5822129.275373362 1839674.357517940 10230264.785492817 3941495.391521525 5372848.716209289 1770653.174103735 882491.704942117 8473781.773331646 2795201.278770021 6154610.792970592 4249504.583563747 1417411.737321671 9309907.142180715 5170216.528988490 2426053.113382689 5755091.898347989 1457431.175379240 2373415.575949534 8753544.813438598 3289582.645136653 3946040.267759149 2421508.237145065 496699.791896928 6806523.539355464 7267129.141236342 2915721.998632609 935129.242375272 5286536.384979005 1858187.869341218 2089107.659604958 9681167.068835923 657712.883809524 1803203.650366860 4302142.120996902 4954135.807438898 2510100.615726091 2512365.444612973 9405811.861936109 3845590.671766130 7885824.707559650 216936.751789976 10326169.505248213 7553424.130019543 2246103.562113126 7833187.170126495 1458668.974718615 10786775.107129090 2529930.085587421 1038718.266608849 5726224.555617968 549337.329330083 6161521.102943175 5233898.847545850 1371118.844148956 1076425.792579915 8354380.220928634 2455116.396751732 8760809.425523819 2507820.568375349 3351711.600406294 1017892.842699067 6282734.877254240 2093652.535842582 2970706.217606968 2894608.626751673
Case #38: 29681862.105241381 27954935.814051207 28698687.345261399 26167132.976330355 22559166.511512414 35292147.227744848 785971293.133795381 27459515.914833974 26640806.912446812 47948461.651391864 30940778.884966165 42090499.433256045 27178841.771234814 38900113.692562789 47432430.407297373 26127953.682062838 24996593.328062840 29318339.422756091 30979958.179233681 784405239.796108842 39297412.930892028 26947943.470408596 27647799.256089423 35689446.466074087 26943484.670739487 28587698.255123459 28074845.024739485 58654998.313449919 37768753.338562787 30110721.842860557 28315414.184751842 42544184.796108782 27498312.576175213 45485539.064620726 29985954.351418510 39616883.735832423 30369227.511928067 29594690.598766070 43712938.895466119 23187602.145907316 58257699.075120673 26447424.487003237 46153153.993283145 26435090.240024623 784348853.671585321 25035772.622330356 30425613.636451572 29374725.547279596 800516053.313449979 44110238.133795351 31781262.009527225 32887670.227642812 26679986.206714328 31265230.765432738 31608393.813628584 39219584.497503191 26754561.044965021 24982909.804016031 25664208.256725259 39810266.161275998 42487798.671585277 28910347.073774371 27691695.001618788 31837648.134050731 28394315.829679884 39412966.922946766 27308421.841109231 29413904.841547113 782678313.504918694 781477938.735832453 29103729.499217946 26486603.781270754 29357518.717023607 26047481.417234816 777550501.466074109 38166052.576892033 23570875.306416873 22519987.217244897 25303729.886024624 31991666.974138141 780027107.576892138 42146885.557779551 45524718.358888239 45792675.622582510 781158467.930892110 781671321.161276102 24466878.559921544 28590876.268833973 27686978.550356939 46536427.153792702 29625475.980717875 40817258.504918613 22827123.775206681 31247915.442927949 33403701.471737299 31321616.889956243 40419959.266589373 27115039.415665656 26795568.610725258 30042340.475942016
Case #39: 3.787878788 1.055555556 1.666666667 2.755555556 3.076687932 4.203463203 0.263157895 4.100378788 3.875000000 1.850000000 2.030303030 5.767045455 5.666666667 2.900000000 1.857954545 0.055555556 1.421052632 6.809523810 3.173160173 3.060606061 3.203463203 2.060606061 1.950000000 2.293460925 0.600000000 1.371428571 2.526315789 2.326687932 2.747368421 5.672222222 2.039772727 1.800000000 1.545454545 2.323763955 4.286796537 1.142857143 3.326687932 4.009018759 4.590909091 3.259018759 2.473684211 1.277777778 2.271132376 3.143939394 2.187500000 2.116161616 5.155934343 1.083333333 1.727272727 0.052631579 3.150000000 3.116161616 1.600000000 0.342857143 3.100000000 1.571428571 4.028571429 4.750000000 2.240829346 1.457142857 1.400000000 5.454545455 0.210526316 3.129319511 4.870129870 2.000000000 1.388888889 2.200000000 3.681818182 3.843434343 1.368421053 4.526315789 0.947368421 2.866161616 0.805555556 3.727272727 2.727272727 3.722222222 1.777777778 4.843434343 0.312500000
Case #40: 3.565151515 4.315789474 4.201515152 6.239633174 1.401515152 0.765151515 1.871212121 5.769936204 4.868421053 0.305214724 1.075757576 0.250000000 0.250000000 1.151515152 3.050000000 1.450000000 4.736842105 4.368421053 4.618421053 0.500000000 0.555214724 0.055214724 1.621212121 3.300000000 0.515151515 2.800000000
Case #41: 3.103448276 1.928571429 8.904761905 4.916135881 29.404761905 10.017186470 3.841423237 3.003639672 6.620689655 3.332802548 5.041666667 3.952380952 6.916135881 1.583333333 0.146496815 3.047619048 8.785714286 3.250000000 5.965517241 3.758620690 9.362014057 25.000000000 5.035183500 3.396496815 6.416135881 4.000000000 3.137931034 3.586206897 9.375000000 2.857142857 3.952380952 6.112014057 4.523278738 20.500000000 6.063163482 3.857142857 0.082802548 5.916666667 3.284427850 6.534427850 1.666135881 3.166135881 6.767186470 3.666135881 16.750000000 2.939945405 23.000000000 3.456841643 5.375000000 3.083333333 4.714285714 4.952380952 3.583333333 8.000000000 25.452380952 3.310344828 4.333333333 6.141570707 5.098877768 28.500000000 24.833333333 4.750000000 8.583333333
Case #42: 11.428571429 0.084745763 0.268817204 0.128787879
Case #43: 1.119047619 0.694444444 3.200000000 1.000000000 3.500000000 0.142857143 3.642857143 0.421052632 0.300751880 0.987951807 4.619047619
Case #44: 0.504273504 4.521711367 3.206896552 1.835249042 0.310344828 1.909090909 1.333968254 1.111111111 0.946995074 0.844919786 0.724137931 0.203703704 1.644313082 1.545454545 2.869731801 0.572192513 4.318007663 1.855799373 2.269592476 1.758620690 4.744568509 3.092588944 2.112794613 3.410600255 2.492449619 0.566844920 0.636363636 4.540864806 0.222857143 0.342245989 0.524064171 1.421455939 0.743315508
Case #45: 2.240000000 0.119266055 2.359266055 4.333333333 0.043478261 5.750000000 6.573333333 3.240000000 0.162744316 1.000000000 2.402744316
Case #46: 1.125000000 2.038461538 2.078621158 1.694005773 0.217948718 0.750000000 1.384615385 5.328621158 1.366666667 1.177980132 2.707692308 2.466666667 0.205128205 2.266666667 2.671794872 3.080128205 1.383108338 1.791666667 3.250000000 1.996794872 1.820512821 4.058333333 3.400000000 3.410256410 2.819005773 0.041666667 1.873492953 2.875000000 2.091441671 2.025641026 0.974358974 1.330128205 4.944005773 4.263461538 0.291666667 3.302980132 6.431185261 0.217948718 1.133333333 1.066666667 5.123492953 1.437595517 6.713236543 1.333333333 1.641025641 0.040404040 1.734409814 3.463236543 3.181185261 3.024133979 0.208333333 3.128205128 0.052980132 4.687595517 1.681429681
Case #47: 2.551724138 1.925000000 2.137931034 5.567193676 3.325000000 2.793103448 0.750000000 5.535714286 3.928571429 3.535714286 1.975000000 1.741935484 5.862068966 4.107142857 2.869565217 5.858870968 2.214285714 5.589285714 4.325000000 0.227272727 2.150000000 4.068965517 4.545454545 4.774193548 2.045454545 0.913043478 1.678571429 3.434782609 3.616240267 2.964285714 3.517241379 3.363636364 2.695652174 3.369905956 3.391304348 2.483870968 3.525000000 0.818181818 0.023809524 3.375000000 4.612903226 1.450000000 4.200000000 2.772727273 1.064516129 3.741935484 2.000000000 3.608695652 5.482758621 6.064516129 3.173913043 3.521739130 6.310344828 4.845652174 4.258064516
Case #48: 2.230769231 2.284210526 3.200000000 1.176470588 0.368421053 3.000000000 3.711740891 2.882352941 3.501214575 28.485294118 16.166666667 4.514035088 5.029824561 5.166666667 2.233333333 1.884210526 3.218111003 3.535087719 23.250000000 4.017004049 3.166666667 2.522267206 24.426470588 11.500000000 11.000000000 5.235294118 1.557894737 4.724561404 26.250000000 2.153846154 22.500000000 1.863157895 26.132352941 1.347368421 4.187341772 0.987341772
Case #49: 2.600000000
Case #50: 1.538461538 0.445945946 1.802469136 3.740740741 1.461538462 1.857142857 1.588095238 2.902380952 5.740740741 3.285714286 2.273809524 1.846153846 0.076923077 1.836752137 2.302380952 1.857142857 0.061728395 0.083333333 1.885714286 2.166666667 1.666666667 3.851851852 4.518518519 2.817663818 1.885714286 1.740740741 3.407407407 2.257142857 1.171428571 1.828571429 0.144444444 1.076923077 2.485714286 4.444444444 2.518518519 1.692307692 0.416666667 2.662962963 1.538461538
Case #51: 2.413198720 4.192258065 3.600000000 3.032258065 2.838198720 3.356055862 3.097709924 1.295967742 0.829166667 3.154166667 3.709166461 2.161290323 2.384615385 2.445456784 3.284166461 2.742857143 5.184615385 5.984615385 1.345967742 2.234206989 4.470967742 2.258064516 0.354166667 4.609615385 5.222814104 1.160000000 2.000000000 0.425000000 6.134615385 3.680000000 3.428571429 3.657142857 3.628571429 2.193548387 3.670967742 0.297709924 2.800000000 0.828571429 1.253571429 3.388313927 1.547876139 3.061523782 1.505479826 2.486115386 1.967741935 3.954166667 0.668548387 1.432916667 3.628571429 4.227023604 0.193548387 1.828548387 0.676908397 0.772709924 2.809615385 0.072916667 0.779166667 1.353548387 0.618548387 1.031075064 4.047709924 2.800000000 2.040658602 1.240567067 2.228571429 2.225000000 2.993548387 1.778548387 1.303571429 0.870967742 3.943548387 2.330981183 0.942857143 0.251908397 4.485714286 0.475000000 1.685714286 1.360000000 1.194765540 3.400658602 3.750000000
Case #52: 0.643939394 3.363636364 3.875000000 10.875000000 8.454545455 6.642857143 14.090909091 0.416666667 6.090909091 7.625000000 18.625000000 0.545454545
Case #53: 2.047619048 5.500000000 0.393939394 3.809523810 0.857142857 2.809523810 4.151515152 4.464285714 18.000000000 1.892857143 0.857142857 0.142857143 1.642857143 1.333333333 5.045454545 2.000000000 2.757575758 3.151515152 2.428571429 24.333333333 0.714285714 22.000000000 4.227272727 5.000000000 6.909090909 4.363636364 1.607142857 4.000000000 1.272727273 8.333333333 23.500000000 5.500000000 22.227272727 1.107142857 1.107142857 5.030303030 6.818181818 2.303030303 2.250000000 2.606060606 24.818181818
Case #54: 1.500000000 0.760869565 1.183135705 1.328063241 1.388888889 0.151515152 0.949275362 0.444444444 0.806324111 0.876811594 2.583333333 1.480237154 1.168642951 0.459042985 2.239130435 0.833646515 0.427536232 0.454858636 0.014598540 0.027322404 0.488240065 0.789855072 0.739130435 1.101449275 0.195310772 1.361111111 0.043795620 0.378787879 1.255599473 0.804347826 1.139657444 0.639755216
Case #55: 10.694444444 8.183333333 1.681818182 2.583333333 2.111111111 5.083333333 6.464285714 1.636363636 7.583333333 1.833333333 7.340909091 5.821428571 4.222222222 5.555555556 3.590909091 5.600000000 5.535714286 6.247474747 3.857142857 8.840909091 3.750000000 3.583333333 10.400000000 0.318181818 6.083333333 13.542929293 4.136363636 6.035714286 6.931818182 9.555555556 2.250000000 11.694444444 7.886363636 9.944444444 5.431818182 10.361111111 3.571428571 8.111111111 2.357142857 4.083333333 3.333333333 1.500000000 3.792929293 4.857142857 11.861111111 3.409090909 3.750000000 7.850000000 5.250000000 3.714285714 0.333333333 9.400000000 1.944444444 3.818181818 4.611111111 9.350000000 11.031818182 0.045454545 9.183333333 5.111111111 3.500000000 5.520202020 7.433333333
Case #56: 2.566666667 3.615384615 0.702702703 5.135135135 2.785714286 0.833333333 4.324324324 2.384615385 0.513513514 5.928571429 3.615384615 1.324324324 2.054054054 2.128205128 6.366666667 4.178571429 3.487179487 3.108108108 2.678571429 3.128205128 0.642857143 1.846153846 4.166666667 2.692307692 2.756756757 4.733333333 4.857142857 5.366666667 3.571428571 1.857142857 4.678571429 1.461538462 3.433333333 1.270270270 3.333333333 1.433333333
Case #57: 26889762.388473086 19058001.689175926 14576315.788978996 20782256.329156071 17732017.895449884 23048960.952488389 27735073.599554829 27385451.123283677 22504283.499520604 20626485.298920516 20020708.647268523 23403707.877830137 19943458.522936393 21025202.632585119 24875375.815799069 18005033.750246450 22362485.101469368 18558059.034432534 28270907.957044140 26437080.164766908 21569880.085552905 27030704.197941929 22584221.897370066 15076258.443722388 18948428.536878839 25885268.403156489 19443515.868193001 21105141.030434582 19532083.783131044 20565386.100236308 21358498.646441724 24216266.341837499 25312597.945986956 13276192.556041228 12776249.901297836 29548205.476169825 19262428.436045438 30000887.699876003 28965679.895596974 18826419.411239356 26507420.260266501 19762371.090788830 24218196.430197485 14531580.990754604 25251498.747302748 22452900.162231196 28089820.524896577 23396294.948863585 25432586.179450311 24547129.345689848 28368843.255408570 20427509.403814323 30303818.953063615 14111576.733860673 29851136.729357436 24439259.197175648 22859030.424862351 24519197.595025111 24851966.086051226 25230122.741140816 23513827.028584585 25551623.331006445 24399283.862345047 22059553.848281752 26255992.732619345 18987406.330163259 21603641.990148976 28662748.642409362 20081807.845952731 19067344.728012722 11954864.240304928 19769814.197871745 14031638.336011212 12454806.895048320 20396140.746642567 24983936.650143433 22880939.509274662 21248895.064807229 16910632.234456975 29367118.044022262 24608228.544374056 16902673.307033069 23183870.762462273 16402730.652289677 25493685.378134519 20161746.243802194 28723590.180750318 22938968.822711814 14611519.388604065 19896198.091899179 29670049.297209874 24681005.396955822 20100647.045117985 24136327.943988036 18765320.212555148 27916161.031702392 17943934.551562238 26810351.513454113 22391800.963546988 25946367.601840697
Case #58: 1.699797160 1.621137790 0.875000000 1.333333333 1.114285714 1.460784314 0.772058824 1.943542934 3.062192118 1.758620690 2.780679513 1.000000000 1.428571429 1.780679513 1.827248141 1.633620690 1.885843672 1.041666667 0.482758621 3.187192118 0.127450980 0.757352941 0.924019608 1.611561866 1.000000000 3.209250942 1.908130494 1.019607843 1.022058824 3.040133295 2.187192118 1.886071670 0.428571429 1.482758621 0.875000000 0.536414566 1.435091278 3.219405003 1.038781030 0.556022409 1.761071670 1.336344538 3.047619048 3.128368589 0.314285714 0.162790698 1.441176471 1.819667201 1.966726025 0.514285714 1.758620690 2.699797160 2.758620690 1.944667201 3.241463827 0.843137255 0.852941176 0.758620690 2.944545059 0.886071670 2.611561866 1.041666667 1.515973631 0.941176471 0.676470588 0.944667201 2.863662706 2.633620690 2.219405003 0.668805132 0.610209601 0.228571429 1.188725490 1.107843137 2.476190476 0.107843137 0.186046512 0.938725490 0.166666667 2.435091278 1.739012847
Case #59: 2.100000000
Case #60: 1.500000000 1.904761905 2.277777778 0.026315789 0.790356394 1.568181818 2.904761905 1.555555556 2.050125313 1.500000000 0.523809524 0.038220551 2.952380952 1.550125313 0.012578616 0.550125313 0.038894406 3.476190476 0.068181818 2.476190476 1.944444444 0.050799168 1.000000000 1.952380952 3.111111111 0.444444444 2.111111111 3.214285714 2.062703930 1.523809524 2.222222222 2.023809524 1.562703930 0.500000000 3.000000000 1.952380952 0.011904762 1.714285714 3.976190476 0.562703930 2.000000000 2.714285714 0.777777778
Case #61: 1.827586207 20.000000000 29.057471264 28.298850575 10.827586207 2.000000000 83.965517241 2.724137931 0.040000000 1.589743590 10.666666667 12.040000000 2.564102564 20.681034483 19.474137931 84.724137931 4.706666667 26.333333333 18.301724138 28.338850575 4.666666667 2.391351351 18.715517241 16.750000000 82.729655172 76.000000000 27.885057471 9.000000000 3.351351351 3.102564103 1.054054054 2.864864865 10.965517241 1.846153846 9.862068966 27.925057471 26.373333333 12.000000000 4.891891892 10.142857143 1.965517241 10.706666667 9.689655172 0.862068966 3.243243243 82.862068966 0.689655172 0.729655172 1.051282051 1.551724138 18.577586207 29.000000000 73.000000000 16.706666667 29.040000000 2.351351351 20.040000000 82.000000000 83.142857143 4.081081081 0.285714286 1.413793103 3.931034483 82.689655172 3.461538462 27.022988506 9.729655172 29.097471264 2.918918919 1.091282051 11.724137931 1.897435897
Case #62: 5.444444444 2.406250000 2.599802372 0.832258065 2.545454545 3.132411067 0.679347826 0.586956522 0.948387097 2.111111111 0.022471910 3.085597826 0.512794491 5.466916355 2.993206522 0.054347826 0.490322581 0.129770992 3.224802372 1.058064516
Case #63: 1.562531646 3.700000000 2.096363636 1.960000000 0.202531646 1.360000000 0.136363636 5.680000000
Case #64: 5.000000000 1.846153846 6.692307692 0.687500000 0.775000000 1.448275862 3.515086207 5.207393899 1.692307692 2.135775862 4.519893899 1.101293103 0.413793103 2.827586207 2.575000000
Case #65: 1.464285714 1.536734694 0.761224490 0.628571429 0.500000000 1.247448980 0.785714286 1.357142857 0.225000000 1.318877551 1.812500000 0.659183673 2.037500000 0.035714286 0.785714286 2.979924242 1.216836735 1.250000000 2.437500000 1.812500000 0.803648732 1.911960133 2.079924242 1.010714286 0.720408163 1.125000000 0.078138528 0.030612245 1.025000000 0.625000000 1.854924242 0.197674419 2.312500000 1.937500000 1.937500000 0.785714286 1.554817276 0.193877551 0.091836735 1.057142857 1.208388704 0.142857143 1.075000000 2.937500000 2.879924242 1.251020408 2.187500000 0.275812947 1.667424242 0.042424242 1.750000000 2.837500000 1.661960133 0.983388704 0.122448980 1.812500000 1.625000000 1.155612245 2.354924242 3.062500000 0.983388704 0.908163265 0.125000000 2.312500000 0.132653061 1.854924242 1.714285714 0.175077304 0.233388704 0.751020408 0.771428571 2.229924242
Case #66: 1.805555556 5.472222222 1.444444444 1.681818182 1.080000000 2.040000000 4.444444444 14.604797980 13.250000000 5.368686869 2.800000000 1.520000000 14.215909091 3.880000000 4.880000000 2.924242424 1.527777778 3.535353535 3.666666667 1.444444444 5.194444444 5.500000000 3.618686869 5.000000000 0.388888889 4.440000000 0.777777778 1.833333333 12.375000000 12.125000000 3.924242424 1.880000000 0.560000000 5.333333333 1.840000000 1.090909091 2.479797980 4.840000000 2.090909091 5.452020202 2.080000000 1.666666667 13.806818182 1.640000000 3.360000000 4.313131313 1.833333333 3.757575758 11.875000000 15.882575758 3.924242424 4.320000000 4.805555556 3.090909091 4.055555556 4.320000000 5.757575758 1.520000000 4.680000000 15.000000000 1.138888889 4.924242424 5.111111111
Case #67: 0.127516779 0.854166667 0.084848485 0.234899329 0.714285714 1.568452381
Case #68: 55671090.344972998 48953146.398736402 41507064.247158825 38054671.881999865 53201171.428635240 13393100.463182203 37744567.129073471 40317114.426292799 43270951.821976252 15698856.518464701 50553860.535154551 26891679.192152973 6110191.750003908 52623555.907103717 28961374.564102139 7444452.866729781 52854799.245482087 19608770.478974678 14695294.660250608 39002574.734772332 47839273.040702485 41956412.130455784 39254170.130455784 51655388.398736402 16372477.599362157 37343247.326339096 52691713.208793044 54668996.277650394 48606774.215583250 28906426.944520917 15643908.898883479 56806848.951288886 45408804.495614745 42454967.099931292 13629161.146515535 52218697.979814038 2208451.501547988 40548357.764671177 31006814.934648819 49239320.843634084 36630693.771039560 37398194.945920318 51309016.215583250 53764481.009712875 15407848.215550147 35328499.573971152 3156354.354320454 50541515.040702485 39369211.573520333 52087298.070601329 15809168.018284522 24143850.612336941 28193873.389221378 14727361.579908077 18842497.322403919 50785103.873532921 6346252.433337240 54900239.616028771 3542712.618273861 38307876.710151106 29307746.747255292 54706460.961160988 16654933.083291225 4490615.471046328 51856054.732222952 3392415.037653787 16742109.332276020 17744296.889011379 28045590.860792860 15707030.230518758 17508236.205678046 52568608.287522495 17143429.135010395 51254068.596002027 16797056.951857243 53993907.405861445 2444512.184881321 52969928.090256870 25091753.465109408 29871056.328332927 16045228.701617854 35352429.881999865 39600454.911898710 43502195.160354629 16608538.282695489 36300332.734772332 54761408.580742210 39443635.316467002 48551826.596002027 46537078.843634084 53533237.671334505 50652214.586129926 55107780.763895363 52799851.625900865 49516455.979814038 17706738.716088030 53354456.586129926 16029555.776976481 14931355.343583940 15462795.835131370
Case #69: 1652514.531787595 22901214.514557742 3761280.383114947 4456419.862936311 4573476.796420964 22626063.698426574 1105518.847658634 1484021.674373137 22683961.409965035 2630996.459850371 947277.562965160 2202932.739089447 22900566.666375291 4663033.094287596 22768955.698426574 23215506.204836830 22622716.339452215 1655189.165010222 73671.943820225 22854980.743298367 22695923.189934004 22556879.211760573 23016980.298214260 4595408.084633294 4116037.410158634 22604357.442016318 4001517.602947492 1713057.822125597 2712114.441514910 22971680.450905677 22795789.707026612 1384801.062923019 1775850.183589410 22599861.572099611 22855452.665909093 1536614.141857662 22877604.358682983 22615053.743189488 22922662.602272727 22769048.788170163 22626116.376756668 4509207.364357662 22639810.843405206 3789209.838841815 1170701.611416428 1286024.697645242 1562958.233920964 18213158.875000000 22625269.107448414 22942875.508405343 22649653.654902156 22585166.482927635 22611816.326631702 22607440.012529138 22902989.345862471 22717458.285226192 23013641.345997423 23019831.337413732 1202831.427416969 22718288.552395578 2657834.999078266 23592192.654300600 22500387.104300600 22998900.914934006 23219808.044580419 22714461.442016318 1556844.800587631 22722729.038170163 1510949.056294041 1345572.489595823 23017298.309856154 1258529.054098801 4665707.727510222 22887327.970967267 22961326.140734266 21406927.375000000 1047390.125000000 22719980.313811190 4269047.616598801 22722117.763206389 4356091.052095823 22651440.025349651 22827439.698426574 22758390.542817600 1498688.801857663 990999.040447492 1320947.923600590 2176094.199861552 23063303.088023178 1732743.681673019 22868255.922785547 22746782.140734266 22795642.180704676 4567363.363087631 2257212.181526090 1584889.522133294 22668003.898745045 23116327.210797958 143481.433707865 1445901.300436311
Case #70: 0.023952096 0.011111111 0.417569117 0.393617021 0.432432432
Case #71: 0.832442068 3.222222222 1.500000000 1.940540541 0.566666667 1.494117647 3.055246423 1.500000000 0.100000000 2.034658188 1.350000000 0.188235294 3.792174527 0.026666667 3.950998057 1.069952305 0.529411765 1.372982608 0.200000000 4.756880410 4.427468645 0.378018018 2.243570844 0.740540541 0.038709677 0.474747475 0.405045045 1.096618972 1.333333333 4.095204830 3.105246423 2.061324854 0.219354839 1.399649275 0.755442501 1.450000000 1.769696970 1.905246423 1.890540541 1.705246423 0.515933529 3.408276726 0.540540541 4.927468645 3.762762763 0.025806452 3.384658188 0.500000000 3.262762763 0.351351351 2.722222222 0.211764706 1.833333333 0.500000000 1.703030303 0.212903226 4.595204830 1.466666667 0.567207207 1.803030303 0.303030303 4.292174527 3.434658188 1.753030303 0.541176471 0.728775835 1.450000000 3.450998057 1.164705882 5.256880410 0.752305246 0.454545455 3.737688491 0.505882353 0.378378378 3.073573574 0.529411765 0.778971913 0.212903226 1.466666667 1.400000000
Case #72: 1.505882353 0.853535354 0.939393939 2.400000000 1.205882353 5.500000000 1.222222222 3.682352941 0.300000000 1.185185185 0.818181818 3.382352941 4.300000000 0.459595960 24.666666667 0.046052632 24.712719298 0.944444444 0.518518519
Case #73: 0.029410695 0.041989312 1.702366670 1.785714286 0.012578616 1.795815296 2.607816712 0.464271432 1.676975945 0.451251055 0.448981717 3.285714286 4.179245283 1.802104604 2.617917722 0.006289308 0.047619048 0.018867925 0.023121387 0.819833088 0.845223813 2.391261659 2.393530997 0.428571429 4.189346293 1.248404516 1.666666667 0.066486972 0.053908356 0.441150045 0.010101010 3.295815296 0.057928326 1.273795242 0.809523810 0.010309278 3.046489150 0.076796250 1.792003594 1.250673854 2.380952381 1.679245283 0.438672439 1.010101010 0.023121387 1.808393912 1.000000000 1.238095238 0.822102426 0.714285714 0.438880707 0.010471204 1.798292902 3.036388140 0.035700004
Case #74: 2.810810811 0.055944056 2.326214326 0.092857143 4.270270270 1.785673786 2.270270270 4.351351351 0.312500000 2.351351351 1.729729730 2.000000000 4.677565678 2.892857143 4.621621622 2.866754867 4.810810811 6.621621622
Case #75: 12.226183670 0.908045977 0.811320755 7.071145465 0.224598930 6.222222222 12.719293613 1.555555556 1.330404724 5.870945265 7.033542977 3.425287356 5.740740741 1.074074074 2.356321839 7.860962567 8.155447606 2.270270270 7.059517003 2.885960280 4.222222222 0.837294781 0.519083969 2.392850336 1.132644907 9.191367291 8.380046536 2.366876310 11.388888889 12.200209644 6.259824710 7.636363636 16.315508021 16.090909091 1.298673005 5.059624510 8.966768361 9.185185185 2.875405809 4.540540541 7.054054054 0.025974026 3.686726563
Case #76: 2.034965035 0.117117117 4.586835845 2.365307037 0.886597938 4.346153846 4.021352023 3.153846154 1.307692308 2.278350515 0.727272727 1.419580420 1.540564769 1.115384615 5.856187291 1.839533841 2.268774704 1.484536082 5.538461538 1.453608247 2.692307692 0.804123711 2.181818182 1.752577320 8.134537806 4.607454401 3.722382951 1.519946212 0.891080233 7.608764611 3.076923077 4.547125219 0.692307692 3.865186360 5.769230769 5.384615385 0.711340206 0.086956522 1.432989691 0.973554460 0.798296728
Case #77: 5.285714286 1.578947368 5.071428571 3.447368421 0.750000000 3.526315789 0.280000000 6.035714286 0.394736842 4.333333333
Case #78: 0.588235294 8.882352941 5.529411765 0.297297297 0.472602740 0.833333333 4.941176471 1.130630631 6.333333333 3.414944356 0.404109589 6.630630631 3.117647059 4.248277689
Case #79: 79000000000.000000000 97000000000.000000000 34000000000.000000000 37000000000.000000000 89000000000.000000000 58000000000.000000000 44000000000.000000000 16000000000.000000000 19000000000.000000000 24000000000.000000000 63000000000.000000000 30000000000.000000000 5000000000.000000000 38000000000.000000000 74000000000.000000000 77000000000.000000000 53000000000.000000000 69000000000.000000000 70000000000.000000000 52000000000.000000000 60000000000.000000000 59000000000.000000000 90000000000.000000000 56000000000.000000000 4000000000.000000000 6000000000.000000000 65000000000.000000000 42000000000.000000000 61000000000.000000000 78000000000.000000000 36000000000.000000000 94000000000.000000000 50000000000.000000000 3000000000.000000000 47000000000.000000000 93000000000.000000000 64000000000.000000000 41000000000.000000000 57000000000.000000000 7000000000.000000000 8000000000.000000000 76000000000.000000000 21000000000.000000000 17000000000.000000000 33000000000.000000000 11000000000.000000000 29000000000.000000000 81000000000.000000000 99000000000.000000000 15000000000.000000000 73000000000.000000000 20000000000.000000000 2000000000.000000000 26000000000.000000000 13000000000.000000000 12000000000.000000000 68000000000.000000000 95000000000.000000000 67000000000.000000000 23000000000.000000000 43000000000.000000000 86000000000.000000000 9000000000.000000000 87000000000.000000000 51000000000.000000000 84000000000.000000000 91000000000.000000000 66000000000.000000000 72000000000.000000000 98000000000.000000000 40000000000.000000000 49000000000.000000000 18000000000.000000000 32000000000.000000000 31000000000.000000000 83000000000.000000000 85000000000.000000000 1000000000.000000000 96000000000.000000000 48000000000.000000000 75000000000.000000000 71000000000.000000000 54000000000.000000000 62000000000.000000000 22000000000.000000000 14000000000.000000000 10000000000.000000000 82000000000.000000000 28000000000.000000000 80000000000.000000000 39000000000.000000000 88000000000.000000000 55000000000.000000000 92000000000.000000000 46000000000.000000000 45000000000.000000000 35000000000.000000000 25000000000.000000000 27000000000.000000000
Case #80: 4.000000000 5.000000000 57.000000000 10.786843770 84.647058824 9.551549652 60.441176471 20.250000000 4.941176471 3.441176471 8.000000000 61.117647059 22.779411765 3.250000000 3.786843770 3.642857143 22.897058824 2.529411765 22.250000000 24.367647059 85.117647059 3.235294118 84.441176471 82.411764706 59.529411765 22.750000000 0.750000000 8.139784946 0.139784946 4.117647059 21.661764706 23.691176471 13.080961417 3.647058824 24.000000000 2.647058824 58.411764706 25.191176471 4.428571429 1.714285714 85.941176471 59.647058824 4.000000000 4.178571429 1.551549652 5.080961417 81.000000000 3.580961417 2.669196711 60.647058824 61.941176471 1.411764706 2.786843770 10.669196711 1.607142857 3.375079064 0.892857143
Case #81: 14.250000000 17.000000000 12.458293384 14.744007670 13.750000000 8.458293384 11.000000000 5.744007670 16.285714286 15.750000000 19.678571429 5.428571429 15.750000000 5.744007670 12.142857143 6.886864813 6.571428571 11.000000000 1.500000000 14.428571429 0.006134969 8.142857143 4.857142857 0.315436242 5.428571429 16.601150527 7.428571429 7.744007670
Case #82: 4.629870130 1.662337662 0.422077922 0.102941176 3.071428571 3.493506494 2.694444444 5.505411255 1.032467532 5.083333333 4.103896104 1.558441558 0.322222222 2.250000000
Case #83: 0.250000000 0.333333333
Case #84: 225221443.620474726 198022672.132955223 197684513.613383114 224123652.251179457 232038728.808084577 194179083.656388432 194290394.129446119 196156564.355177432 193066713.678566188 191594874.822403878 202193912.545048952 234348642.486957490 202732914.911292255 230567016.633724570 202150727.210973203 227575356.814908415 199528348.276851296 232828754.681872725 230177402.074863762 189967368.151474446 223701555.815389991 196113379.021101683 195016759.372561336 193596895.956069380 204105286.020467132 193084983.894306153 235075049.010461748 202857103.910081029 190540735.763053387 226521217.755557925 235415660.072039068 199550621.391160905 226848950.291404158 205633235.278672814 193445624.780279905 201460123.755106479 225956114.920572668 236986422.485879928 190389464.587263912 194651035.015419871 196695566.721420735 236260015.962375671 199888989.162825048 200471176.863144100 225329062.486319423 225947850.143978983 200161584.603038788 227865617.284518242 196222169.607701302 204644288.386710435 204788879.388336211 199094567.017957211 201005940.493375391 203721861.803254634 224090007.142794877 204062100.686391383 224274923.426968932 194923326.605863482 193640081.290145129 198561674.499198526 193236255.070095628 222627663.137113065 230903808.598368019 195752738.135127932 199932174.496900797 228311294.297085971 194027812.480598956 195233222.715738922 226369946.579768449 234740128.157290936 232813310.962313592 231194372.917747974 194594662.936771870 197618845.912905723 203799932.496373832 221573524.077762574 203217744.796054780 194694220.349495620 195168030.548350811 193488810.114355654 226791406.492001235 197979486.798879474 193605716.044809490 232086904.438809335 221000156.466183633 233895772.266954303 229037700.820590228 196832828.969809055 221422252.901973099 225794811.232053667 228657514.269779027 201790086.324999452 203260930.130130529 230127355.332666397 193023528.344490439 192662887.458516687 193057218.828085691 225643540.056264192 236142066.595543325 203701459.800417632
Case #85: 8.600000000 1.411764706 6.700000000 3.736842105 0.318181818 5.148606811 4.736842105 0.210526316 1.136363636 8.111764706
Case #86: 13.958802253 5.581168831 0.035714286 0.896551724 0.323529412 14.223508135 19.766494560 16.809090909 0.758620690 13.866494560 1.490259740 1.546853147 0.076923077 1.310344828 14.431468531 3.222109533 14.354545455 12.311743429 5.637762238 13.902208846 5.900000000 2.957403651 1.446091434 10.944805195 14.131200443 7.354545455 8.531468531 1.369168357 0.676470588 0.092307692 14.166914728 11.805642633 12.255150022 0.151131222 0.058823529 8.454545455 0.344827586 11.897950326 1.911764706 12.219435737 1.454545455 18.119435737 11.001398601 0.135746606 0.794117647 8.490259740 0.206896552 11.841356919 20.031200443 0.029411765 0.008928571 10.909090909 5.545454545 11.445454545 1.647058824
Case #87: 0.005952381 7.860294118 1.757352941 7.845588235 6.875000000 7.125000000 6.937068966 1.375000000 0.005952381 1.819421907 0.062068966 0.017543860 0.735294118 0.720588235 0.715447154 1.433823529
Case #88: 1.724584718 1.801703362 1.994584718 1.707142857 1.977142857 1.081081081 0.067296812 0.012048193 0.787815485 0.775767293 1.500000000 0.805257346 1.225641586 1.228571429 0.715945460 0.186440678 1.240000000 0.660696841 1.316307833 0.982398342 1.189189189 0.144560505 0.189189189 0.648648649 0.837837838 1.240619621 1.333749694 0.843064104 1.208199725 0.775767293 1.674584718 1.657142857 1.405714286 1.278571429 0.648648649 0.860505965 0.375629867 0.793209153 1.135714286 0.320000000 0.700000000 0.017441860 0.793209153 0.964956482 1.657142857 0.127118644 1.085714286 1.428571429 1.560619621 1.800000000 0.050000000 1.200000000 0.055248619 2.120000000 0.680000000 1.290619621 1.548571429
Case #89: 6.000000000 6.112355534 8.038961039 8.000000000 8.112355534 20.038961039 4.666666667 1.412355534 8.927849928 2.777777778 1.600000000 6.777777778 1.300000000 1.373394495 9.001244423 7.927849928 0.112355534 4.779022201 0.073394495 3.066666667 2.890133312 18.372294372 0.038961039 2.100000000 9.666666667 0.120370370 7.038961039 20.927849928 8.888888889 2.600000000 2.816738817 7.000000000 12.038961039 19.038961039 15.333333333 8.001244423 6.445688868 2.100000000 1.100000000 4.705627706 12.000000000 6.333333333 6.333333333 7.888888889 6.038961039 6.372294372
Case #90: 0.708333333 1.625000000 0.635714286 2.136904762 1.928571429 0.821428571 1.529761905 0.598013751 0.112299465 0.983728037 0.378571429 0.748013751 0.762299465 0.208333333 0.650000000 0.485714286 1.029761905 0.500000000 0.871428571 2.636904762 0.490870894
Case #91: 0.462365591 1.207207207 1.443766347 0.047619048 2.099099099 3.807207207 1.669572799 1.531531532 2.600000000 0.777099680 2.035714286 1.002906132 0.250000000 0.425806452 4.699099099 1.933397683 1.702702703 0.540540541 1.432432432 0.475806452 0.200000000 1.369369369 1.000000000 0.236559140 0.666666667 5.996396396 3.969369369 1.666666667 0.750000000 2.678571429 0.702702703 2.729729730 4.131531532 3.396396396 1.107142857 3.266666667 1.392857143 0.225806452 0.864864865 0.178571429
Case #92: 13.132352941 0.772727273 4.294117647 0.009090909 0.168000000 5.157894737 9.333333333 3.588235294 14.544117647 2.882352941 10.250000000 13.838235294
Case #93: 0.428001596 1.915942029 0.287766434 1.208627072 1.107142857 0.079487179 0.555286144 1.666666667 0.509414584 1.103363914 2.225599011 1.784776903 0.062030075 0.524637681 0.026315789 1.133333333 1.782608696 1.260869565 0.118110236 0.045871560 1.837654567 0.437175907 1.900718932 0.055045872 0.671426672 0.564460456 0.146788991 0.250000000 2.317342131 0.177674691 2.304521618 0.160309029 3.580206111 0.519744715 0.036697248 3.045646468 2.176081251 0.546111832 1.000000000 3.058466981 1.679487179 1.797597416 1.808924485 0.133333333 0.538093339 3.567385599 0.186849003 0.141960406 1.026315789 1.066666667 0.012820513 2.797597416 0.035714286 0.140977444 0.252052149 0.151134718 1.378979801 2.221952810 0.637854951 0.066666667 0.391304348 2.212778498 0.128440367 2.188901764 0.105263158 1.055045872 1.118110236 2.784776903 0.196023315 0.653078048 0.055045872 0.446350219
Case #94: 0.645161290 1.617647059 0.400000000 2.071428571 0.941176471 3.941935484 3.040000000 0.129032258 1.357142857 2.200000000 1.741935484 2.392857143 4.651612903 2.521889401 1.304347826 3.981176471 2.451612903 2.173913043 0.714285714 0.913043478 1.928571429 0.258064516 2.323529412 4.569411765 2.869565217 3.902857143 1.741935484 1.680000000 1.058823529 2.760000000 1.142857143 4.167741935 4.098823529 0.260869565 1.529411765 3.522580645 1.600000000 1.176470588 1.739130435 1.322580645 0.676470588 4.117142857 3.941935484 1.627329193 3.115089514 4.680000000 3.716129032 1.516129032 1.264705882 1.967741935 0.941176471 2.214285714 2.608695652 2.321428571
Case #95: 3.031666667 1.306666667 1.586666667 13.166666667 0.283333333 3.311666667 7.333333333 1.275000000 5.203095238 5.483095238 3.896428571 3.446428571 2.171428571 1.725000000 0.750000000
Case #96: 0.312734082 1.173913043 5.176470588 0.166666667 0.219512195 3.588235294 1.304347826 8.222222222 3.153846154 1.173913043 3.716112532 5.142857143 4.055555556 1.739130435 1.478260870 4.857142857 5.312734082 9.422360248 1.583333333 3.833333333 2.347826087 0.578486554 1.743589744 3.585677749 8.479400749 5.000000000 6.388888889 0.358974359 7.579365079 0.745153221 2.411764706 8.368289638 4.527777778 12.445378151 4.673845194 5.701622971 1.888888889 1.282051282 4.775067751 13.714285714 3.812734082 8.857142857 3.565217391 0.891220636 5.027777778 4.555555556 2.652173913 1.719512195 2.108401084 11.327731092 0.386178862 5.976982097 4.739130435 2.470588235 5.555555556 6.534956305 0.219512195 3.305555556 8.333333333 4.250000000 5.166666667 1.500000000 4.201622971 12.573255389 2.690100430 4.277777778 12.442820607 4.333333333 5.857142857 2.722222222 2.128205128 1.428571429 4.479400749 0.146067416 0.388888889 12.442820607 4.857142857 0.532246278 3.666666667 0.578486554 5.246031746 1.574638844 4.053921569 14.834124954 4.886178862 3.585677749 11.268907563 6.555555556 4.666666667 1.611111111
Case #97: 84.506263422 2.806727707 3.196604331 1.906250000 1.759197324 80.590909091 1.727854331 3.217391304 3.915354331 2.636363636 1.943763422 0.590909091 82.636363636 12.546311040 2.600013422 3.031250000 2.318763422 1.212977707 0.756263422 0.913043478 0.521739130 2.946604331 3.775477707 3.329825533 14.140061040 2.652173913 3.565217391 3.498327759 4.175979379 4.063545151 4.506263422 83.787513422 13.202561040 14.546311040 3.787513422 3.000000000 1.869227707 3.756263422 0.165354331 0.846153846 2.009104331 81.943763422 3.367892977 80.756263422 2.781250000 1.187500000 1.352854331 3.411371237 2.565217391 12.921311040 15.108811040 3.025477707 1.587977707 0.025477707 80.000000000 3.304347826 3.187500000 82.600013422 2.071604331 11.358811040 1.562500000 4.150501672 2.521739130 11.333333333 83.756263422 14.358811040 3.750000000 3.056727707 3.212977707 3.165354331 1.843750000 1.367892977
Case #98: 1.131578947 10.200000000 11.500000000 0.763157895 11.131578947 1.400000000 10.763157895 1.500000000 10.000000000 11.657894737 1.700000000 0.036697248 20.000000000 1.657894737 0.700000000
Case #99: 0.135135135 0.392857143 0.209459459
Case #100: 0.080645161 7.500000000 0.042614983 2.363636364 1.875000000 0.171055350 1.808763309 1.943782623 8.727272727 0.900000000 0.048387097 0.128440367 2.462224109 4.000000000 5.875000000 1.425000000 4.238636364 0.675000000 0.006578947 10.000000000 0.215664476 5.102272727 3.647727273 0.069003069 0.987224109 2.455645161 0.948387097 11.500000000 0.204022383 2.375000000 0.135019314 1.631578947 0.087224109 2.423387097 0.075582016 1.115664476 2.590664476 0.425000000 6.227272727 1.772727273 2.500000000 3.818181818 0.032967033 1.760019314 0.036036036 1.815342256 14.000000000 0.980645161 3.227272727 1.625000000
