87 718
11 28
54 69
25 79
32 83
10 32
15 77
35 32
19 19
86 82
29 73
33 72
50 52
25 51
62 54
29 47
66 53
36 41
34 79
65 54
48 60
40 55
49 10
19 20
50 30
78 54
8 32
69 16
39 27
9 42
81 70
76 52
22 86
40 33
53 50
80 56
28 11
54 31
51 54
5 24
38 35
87 6
85 13
37 57
82 34
55 34
78 19
4 53
36 9
5 28
62 82
24 20
70 13
68 46
54 20
31 60
22 3
35 38
46 8
39 49
84 26
59 78
16 74
21 49
77 40
78 44
68 73
11 24
4 80
35 36
75 38
27 21
67 35
19 3
84 42
41 65
13 39
3 84
30 42
80 76
48 11
84 24
80 2
18 76
81 6
79 55
9 45
64 65
23 16
43 9
13 83
69 70
41 1
67 57
26 40
3 37
44 39
17 50
69 67
39 20
42 9
58 34
44 75
15 62
15 72
45 85
67 51
65 52
11 4
71 84
69 56
69 71
18 76
31 57
44 50
3 70
29 13
12 86
72 53
20 23
73 5
27 27
75 30
37 84
55 64
70 83
18 54
54 87
80 7
16 2
58 24
60 50
43 77
33 56
73 40
18 29
56 57
35 66
40 65
50 64
19 1
10 20
50 21
35 2
37 37
64 57
66 25
18 67
28 60
61 39
79 66
83 9
21 35
73 66
53 65
66 83
40 29
20 41
75 20
83 6
81 41
10 42
59 15
24 56
70 11
55 61
84 79
82 56
13 34
39 54
49 80
69 34
9 69
26 37
43 23
67 74
21 82
22 3
58 33
44 54
2 55
13 33
56 80
57 74
53 45
30 75
23 77
34 21
22 35
83 2
11 14
85 2
19 73
12 41
24 28
62 61
80 39
6 80
56 23
19 58
47 19
61 71
4 80
9 13
60 59
34 64
62 29
54 9
42 70
11 63
74 58
41 85
23 72
70 24
40 86
14 37
82 43
66 37
50 81
43 38
45 40
63 23
64 46
6 42
26 65
58 2
86 70
81 54
84 38
24 11
17 2
57 54
36 12
7 28
12 48
47 52
2 83
42 39
64 70
70 61
67 65
7 45
41 65
71 77
42 9
11 41
69 76
64 66
84 26
8 19
2 54
25 1
71 6
47 29
11 66
33 2
29 15
69 30
27 5
65 47
57 64
15 27
34 30
2 50
7 13
70 37
27 68
73 87
16 87
9 59
17 86
57 23
32 4
59 63
10 18
68 39
57 43
11 65
87 63
44 39
2 86
73 63
66 38
36 83
64 87
6 42
36 70
26 70
14 61
62 44
57 4
19 42
18 23
43 19
35 12
60 6
36 35
64 38
10 77
75 81
21 44
55 86
78 21
40 76
9 56
71 70
62 58
53 48
14 29
71 1
25 6
78 34
1 72
35 65
44 63
25 31
68 35
4 65
23 22
72 15
9 60
7 3
16 34
9 4
15 30
9 6
58 26
83 69
70 28
78 26
15 50
86 84
8 53
66 6
53 17
70 54
25 29
5 4
37 5
80 37
64 40
47 83
49 82
85 43
25 42
39 5
39 79
53 12
21 79
59 54
71 46
1 37
79 35
41 55
70 50
19 6
37 74
39 16
73 71
45 21
3 71
64 27
84 21
48 26
36 2
70 31
3 73
1 31
51 79
7 19
52 61
9 34
32 30
39 61
35 5
80 23
46 12
33 7
13 49
59 62
11 78
2 58
47 1
28 30
58 16
68 71
2 5
78 21
2 33
82 58
54 81
77 33
16 35
59 59
76 87
17 37
46 23
18 65
60 64
49 23
85 26
5 19
53 41
64 39
14 21
73 40
80 85
34 44
61 58
59 47
42 59
73 49
7 45
42 21
20 18
6 84
61 54
50 45
71 39
29 68
10 36
37 86
66 26
64 24
50 31
35 26
84 82
27 67
33 63
75 16
71 11
41 52
54 66
8 64
71 87
1 85
25 32
56 16
61 21
82 86
82 68
32 11
42 63
79 85
25 83
7 8
71 80
71 13
42 58
50 73
56 57
2 12
76 39
43 66
77 14
30 68
54 77
30 27
87 20
41 33
30 76
53 33
27 13
61 23
66 1
52 79
40 68
9 31
77 7
66 21
57 50
39 5
38 20
33 9
28 73
47 59
31 45
1 2
31 32
69 25
45 71
87 54
20 5
18 49
33 16
82 23
39 41
1 14
68 24
4 70
22 24
67 49
21 36
46 37
50 81
49 47
56 32
63 84
45 29
53 57
84 82
43 5
86 84
40 27
33 77
85 4
11 87
55 40
20 73
79 50
76 33
23 80
24 25
1 14
51 54
15 73
46 57
18 18
55 7
37 67
38 5
52 39
41 78
24 47
13 38
39 40
43 69
14 59
41 83
65 78
62 34
80 24
25 86
85 65
6 77
58 24
73 83
14 36
86 14
67 77
9 86
31 59
25 48
86 40
10 11
10 71
71 9
69 78
83 34
62 30
19 75
10 62
70 13
1 17
67 41
38 8
30 48
26 30
24 30
64 53
16 71
42 12
26 2
60 51
27 70
47 74
31 39
25 4
57 11
7 23
67 36
53 78
31 60
21 23
31 31
51 65
11 36
46 61
9 18
71 42
78 51
25 8
48 80
72 43
76 3
57 76
46 9
40 22
22 8
45 26
35 65
12 48
45 7
59 13
6 71
13 54
6 62
12 76
25 43
38 82
36 61
36 78
9 12
24 44
35 34
15 87
45 32
82 70
7 33
58 30
48 59
29 70
15 21
53 23
34 58
81 57
22 76
55 77
27 65
66 80
24 18
44 48
46 65
15 62
69 11
41 13
18 1
53 61
8 82
65 6
16 72
52 13
22 66
69 41
18 16
68 36
54 44
78 76
73 29
57 38
31 50
40 27
13 46
16 19
87 29
50 57
74 6
73 39
11 63
20 75
66 36
26 48
66 8
82 3
32 80
4 79
76 65
63 63
18 58
67 10
27 66
69 85
14 29
86 37
74 30
20 65
74 87
40 65
23 45
60 77
79 35
34 77
69 6
69 76
53 14
31 74
85 83
63 67
27 64
36 45
12 55
22 26
43 25
6 69
74 7
26 85
53 68
66 20
7 24
41 45
67 71
20 65
83 55
46 14
7 13
82 58
26 51
42 54
24 68
25 52
35 14
67 60
67 25
29 44
56 45
84 59
32 47
30 24
83 42
56 33
24 8
32 43
25 74
46 20
6 76
40 12
39 72
13 55
73 84
