51 727
3 39
16 43
38 33
41 39
24 19
24 42
18 40
20 35
1 44
25 47
1 34
19 39
38 30
36 14
39 17
28 23
22 20
1 21
20 17
34 9
48 38
18 15
18 28
34 37
46 48
11 44
40 11
33 32
6 24
33 45
22 19
7 2
36 7
44 20
49 29
50 13
20 18
38 26
49 18
10 39
33 49
40 48
48 44
19 21
32 22
42 30
26 39
23 13
47 7
8 21
8 3
6 47
2 7
37 47
3 34
46 43
21 49
15 14
36 50
2 20
46 40
45 45
22 17
22 1
5 18
2 44
12 26
15 45
17 28
31 35
14 32
29 17
49 13
43 8
50 41
39 33
43 7
29 10
37 41
7 27
50 12
10 19
25 13
17 20
14 42
47 50
45 14
42 27
20 31
45 1
24 33
33 24
19 17
16 42
27 38
32 24
18 28
33 30
10 49
40 28
40 42
35 24
51 14
28 34
41 42
30 44
11 15
23 13
33 47
2 51
14 42
43 33
24 26
48 51
29 34
6 24
30 45
39 7
51 34
28 3
21 20
37 42
13 35
27 17
21 31
10 21
45 13
42 37
31 10
31 13
12 8
17 2
5 1
30 13
5 51
16 26
47 31
34 46
33 38
51 17
29 5
11 39
46 26
16 18
10 8
31 30
37 18
40 38
37 21
7 34
16 36
8 2
48 39
30 11
34 33
8 31
8 11
48 36
5 19
16 19
43 14
24 26
19 14
7 37
18 4
6 17
32 34
32 39
48 32
51 9
11 10
7 49
19 7
27 48
12 2
13 22
42 48
10 41
20 45
37 12
5 39
21 5
18 4
50 3
11 15
30 10
32 22
43 35
50 1
26 33
5 36
3 41
40 21
42 34
11 27
3 8
14 13
40 33
39 26
12 3
13 3
5 22
29 30
6 40
47 41
7 8
36 10
36 20
36 20
47 12
4 22
34 49
37 35
42 45
5 16
3 14
13 42
36 47
16 14
8 22
13 15
46 39
51 2
51 2
48 1
32 13
43 21
3 38
9 16
10 18
29 10
16 27
47 23
24 44
7 44
9 39
8 22
22 51
22 28
24 4
43 45
32 5
7 51
7 33
7 21
49 3
48 3
26 7
32 32
5 14
3 5
16 41
20 45
25 44
5 25
31 9
17 26
35 43
34 36
32 21
41 27
23 26
1 5
41 18
29 41
2 39
44 6
43 40
46 47
20 31
3 32
23 18
43 45
8 45
41 29
47 17
15 45
3 45
33 9
50 2
24 27
30 32
11 27
29 27
34 19
24 29
37 39
10 14
28 21
51 27
21 43
6 15
12 1
28 37
42 20
45 27
16 44
30 10
13 42
24 16
44 3
50 17
39 51
10 39
37 51
42 1
51 9
17 6
23 44
24 26
6 48
1 47
19 8
1 20
7 4
34 39
9 11
9 7
5 8
14 39
27 25
13 36
49 43
12 15
46 41
42 43
18 10
18 22
32 5
6 32
10 44
28 5
24 26
31 23
8 28
7 9
43 12
37 26
16 11
40 36
4 8
3 31
23 5
25 1
10 49
32 41
51 19
10 34
34 46
34 50
20 45
6 17
28 51
8 34
17 33
20 44
18 48
13 29
31 38
50 24
15 2
15 34
47 42
6 36
42 6
24 37
5 27
8 23
45 5
12 31
44 22
4 7
42 36
31 5
37 9
50 22
6 25
29 23
40 9
3 12
28 6
46 20
22 3
1 23
8 39
41 14
25 8
6 28
12 40
2 8
2 28
2 44
16 14
39 31
44 2
12 19
30 49
50 6
35 41
43 2
35 39
20 24
12 9
42 23
17 38
13 35
51 24
12 40
22 23
10 50
6 37
40 39
37 46
19 10
40 50
39 51
49 16
11 33
17 24
26 38
11 2
43 1
25 29
29 7
39 36
37 6
30 42
17 22
45 30
12 23
6 45
51 38
7 11
13 41
19 29
46 13
11 51
41 34
7 19
26 50
24 51
27 41
11 36
1 32
26 41
16 20
28 14
2 4
32 8
33 38
29 50
29 14
41 50
13 21
5 18
45 46
39 34
7 49
37 30
32 9
11 6
15 2
34 11
3 16
7 22
18 27
23 30
41 24
46 42
14 24
41 19
51 37
29 36
34 35
42 27
48 46
30 2
14 39
17 49
41 26
39 40
1 6
31 29
33 3
18 28
12 5
11 9
48 21
16 7
16 29
40 51
26 20
19 18
36 21
25 13
21 4
26 27
5 21
43 15
6 51
33 17
8 17
13 17
13 14
47 45
8 20
2 21
28 51
41 33
20 34
6 37
38 28
43 49
15 22
25 37
44 41
48 30
24 50
17 11
39 18
13 39
8 39
11 8
2 3
15 5
44 42
29 34
43 33
42 47
8 40
50 47
43 14
15 30
48 50
19 27
32 5
26 34
21 21
14 32
11 18
11 32
45 27
7 50
33 29
4 40
49 16
39 40
25 33
11 48
43 41
46 37
40 17
8 8
36 18
6 37
11 48
4 7
19 4
35 22
51 28
19 23
45 6
16 6
45 51
16 38
23 16
25 48
28 21
49 9
9 30
8 27
51 3
45 6
21 32
44 4
42 34
15 45
18 40
24 48
18 41
19 31
37 38
17 7
19 34
12 51
24 43
18 6
26 20
39 24
29 3
11 2
34 45
6 30
36 39
6 50
17 42
31 11
13 50
14 16
4 1
26 33
43 37
21 43
4 28
43 29
26 35
44 23
23 19
50 30
5 7
47 27
14 12
3 47
25 5
44 14
6 50
12 10
43 2
14 32
9 42
17 26
41 25
7 34
18 51
22 28
30 27
26 19
3 47
24 41
7 5
39 16
12 41
47 34
46 17
41 38
9 10
49 42
50 26
36 39
5 13
1 4
28 20
38 9
23 12
11 37
46 49
23 24
15 45
18 50
26 39
39 30
36 27
28 8
47 24
43 14
25 7
11 24
17 20
16 48
48 36
26 45
22 46
5 39
21 24
15 12
18 10
1 51
47 3
46 20
16 36
46 5
3 31
35 25
7 6
32 44
41 13
2 24
25 44
36 40
15 30
8 10
45 24
2 27
12 11
46 50
31 13
7 41
2 2
32 29
5 6
46 16
18 24
27 29
22 18
28 35
41 10
5 51
4 4
29 11
14 24
49 24
2 16
38 2
36 5
28 6
40 51
22 8
27 17
45 21
47 21
40 4
48 32
22 15
24 46
32 18
49 37
28 21
47 43
4 16
38 37
6 14
37 48
12 14
31 1
19 41
43 44
20 28
