78 273
78 28
25 29
55 67
76 54
6 19
18 35
20 71
3 34
31 48
28 36
70 28
28 76
11 61
41 74
24 13
1 37
13 51
21 59
19 37
37 53
7 66
39 46
70 13
49 76
19 34
13 18
50 73
20 29
75 47
13 73
63 31
27 59
59 49
78 59
27 43
71 47
47 72
63 73
11 70
74 78
5 3
4 34
52 51
4 50
16 69
45 20
18 8
43 14
33 48
21 27
56 74
21 12
51 69
13 78
73 12
26 14
50 33
73 9
61 66
46 30
8 10
7 58
62 1
36 9
14 17
14 66
73 11
37 28
24 74
3 4
46 14
56 40
32 8
58 73
14 20
61 38
22 26
61 12
64 15
27 6
18 54
55 20
67 54
6 21
52 29
17 20
40 50
48 66
67 24
34 11
45 12
78 33
33 73
72 71
5 2
42 74
2 61
34 66
30 68
7 78
21 10
67 6
21 9
29 55
17 22
37 57
42 44
41 76
29 8
50 14
36 16
21 31
41 54
47 76
32 46
23 72
61 50
66 71
67 61
51 25
29 78
33 75
5 63
32 1
21 4
74 5
74 11
62 43
66 27
25 16
77 43
40 13
60 67
26 78
15 33
10 74
5 77
66 1
34 25
37 47
12 63
68 18
51 42
56 73
78 72
9 46
70 52
31 30
67 49
46 45
76 48
39 34
28 37
32 76
24 52
50 36
50 12
72 43
25 20
51 49
76 41
53 24
22 55
21 56
12 15
5 18
49 21
58 74
20 57
27 3
5 64
36 37
71 60
64 20
69 29
2 57
5 23
72 33
48 19
27 2
62 4
54 44
49 20
41 12
56 62
2 75
28 54
69 47
3 57
31 6
38 47
17 75
31 47
12 5
77 59
8 31
66 3
42 9
1 38
78 29
58 20
67 61
1 75
27 78
31 14
66 68
40 63
68 53
59 42
54 53
36 7
76 70
35 45
41 38
13 2
59 19
70 33
37 59
8 5
2 29
35 21
11 26
8 72
45 1
50 57
41 50
71 8
23 39
12 24
47 58
67 54
4 37
76 56
3 48
17 38
33 43
58 25
59 3
56 2
51 20
45 23
33 8
69 45
32 32
44 71
78 2
38 50
24 72
68 20
72 73
14 28
9 36
14 27
45 55
7 51
23 47
54 8
9 3
68 29
12 39
17 8
66 40
50 36
65 66
68 63
51 74
62 10
66 9
35 51
14 56
28 37
71 6
38 24
