88 645
66 74
43 4
58 3
86 43
77 29
71 45
87 75
80 36
83 64
66 4
72 73
16 80
43 3
67 55
82 6
23 74
47 46
35 65
79 72
88 70
65 44
44 85
61 86
6 78
86 64
88 81
13 86
2 47
81 86
68 57
65 51
4 13
27 85
11 81
84 29
57 42
1 2
69 9
77 47
64 12
23 88
43 34
9 5
77 54
39 25
59 53
87 28
55 68
37 88
47 6
65 29
29 57
27 66
72 84
84 44
57 77
4 36
84 15
57 57
73 34
36 82
27 85
75 47
37 82
3 6
69 47
20 64
85 55
69 44
6 19
34 54
77 64
47 80
21 42
73 79
35 13
5 66
27 36
62 3
61 38
64 81
24 45
69 15
7 34
18 52
48 11
28 63
10 35
19 67
74 52
66 59
16 16
21 40
81 18
39 13
46 44
50 46
70 29
70 75
6 13
20 47
20 38
44 40
36 15
45 15
60 65
70 2
71 11
25 6
8 81
88 2
10 79
24 18
85 79
49 55
74 27
79 88
77 65
45 10
86 51
48 85
20 17
17 77
14 37
14 44
74 29
17 10
22 18
58 8
76 40
32 20
54 49
39 5
83 6
17 66
34 36
24 61
60 58
59 87
70 10
78 31
77 55
67 81
11 38
35 64
86 49
81 83
86 27
30 58
73 54
24 49
83 76
73 82
53 76
48 9
60 78
15 7
38 71
63 1
27 75
85 5
34 29
82 32
23 28
45 28
35 73
33 48
26 5
7 65
58 38
80 37
12 25
29 25
36 33
73 25
88 7
76 45
11 83
2 42
4 52
82 14
58 66
14 32
30 60
45 46
62 2
12 25
87 27
35 32
60 20
45 41
52 36
6 39
80 31
67 86
5 44
31 4
68 43
69 44
33 2
26 2
4 57
57 13
7 7
55 28
64 80
72 73
33 33
68 73
2 26
14 73
15 21
33 12
22 6
49 49
42 9
54 57
87 29
81 62
84 87
2 77
46 85
71 24
54 56
29 9
45 46
18 9
71 35
59 50
46 43
80 86
10 16
26 82
57 81
58 34
68 75
29 73
50 57
5 44
65 86
41 36
50 27
65 2
41 82
52 38
48 87
47 80
8 41
54 38
87 24
36 5
51 44
15 56
28 74
45 52
80 66
70 80
20 13
56 26
47 22
76 2
78 57
76 24
54 3
35 58
9 48
17 79
58 46
35 23
66 21
44 60
67 29
39 49
26 69
10 58
38 54
58 23
81 12
64 18
66 7
32 36
66 77
51 59
30 26
73 25
20 68
9 6
37 6
9 80
40 39
35 64
75 73
78 42
24 71
28 59
87 30
63 29
18 16
80 9
77 22
7 24
54 24
56 31
67 26
19 31
69 26
49 3
34 8
61 29
55 85
28 29
20 73
87 55
19 30
69 54
56 35
68 28
54 39
48 3
82 61
38 41
29 19
58 34
32 15
20 8
54 40
35 59
70 70
11 18
34 43
72 24
57 8
77 82
35 83
34 19
8 75
27 66
9 70
11 32
75 66
64 4
14 37
77 38
82 79
72 74
58 61
56 81
14 4
37 12
40 83
16 54
40 12
28 39
16 46
30 19
8 13
66 25
74 37
54 14
36 61
9 71
10 68
11 61
64 55
33 73
60 58
87 75
47 63
5 68
15 30
49 78
85 14
61 56
62 56
24 12
30 30
20 56
5 39
82 58
28 31
69 28
67 37
58 81
57 86
58 27
76 29
1 27
78 18
55 78
20 45
62 44
40 49
62 9
23 58
16 70
71 58
20 23
66 65
84 83
62 2
53 59
16 64
22 2
76 67
21 26
46 46
56 54
31 71
58 54
47 22
48 14
57 84
33 59
83 69
72 16
18 49
50 32
24 13
71 85
71 85
20 24
75 17
54 63
19 71
37 56
45 66
34 29
76 73
1 32
1 5
83 28
43 84
66 5
2 8
6 50
11 46
62 33
30 42
17 70
62 15
34 48
63 50
31 10
18 58
7 41
26 26
52 81
25 52
24 75
57 61
31 87
48 78
7 48
86 18
32 62
3 38
8 59
72 25
5 44
55 27
14 27
40 59
57 19
38 38
80 6
58 59
28 71
15 52
88 48
70 88
20 47
36 17
48 46
19 28
10 70
87 13
7 47
27 21
82 9
80 74
4 8
1 51
53 64
74 84
62 63
38 22
83 25
60 55
73 34
68 67
34 13
85 36
74 36
84 49
66 33
9 64
82 49
49 30
56 62
57 82
43 80
71 36
82 62
14 14
84 7
83 46
38 14
29 51
68 41
11 56
62 24
30 70
10 63
56 81
73 23
75 26
49 68
8 55
24 39
73 39
82 1
87 57
27 78
26 25
79 28
69 13
70 17
52 15
11 15
7 33
78 3
75 1
84 15
87 38
34 37
61 49
8 38
52 85
49 2
27 22
58 67
86 73
55 66
48 23
46 64
29 3
42 53
52 77
82 83
16 79
2 41
37 42
64 87
51 86
38 25
84 52
64 12
83 11
9 83
73 68
4 52
79 4
6 48
10 38
39 73
6 77
35 15
21 66
81 47
1 78
36 18
14 26
22 83
44 15
9 67
49 9
10 66
86 5
8 69
31 10
78 67
68 51
55 6
5 43
51 10
41 5
82 87
58 7
17 57
53 83
59 74
4 77
44 57
35 24
21 11
22 54
18 25
27 30
38 84
78 51
76 27
52 49
36 65
59 27
1 70
21 60
18 51
78 73
31 9
72 56
17 8
5 49
9 26
12 63
7 51
39 8
62 63
78 8
40 79
78 29
48 34
45 52
9 25
13 73
33 41
8 29
36 84
81 36
53 3
76 68
47 41
4 5
61 69
64 3
35 83
54 86
17 38
88 63
47 65
82 25
26 1
85 49
23 11
62 50
72 23
