18 624
17 2
14 7
3 15
13 16
1 6
5 7
6 16
7 3
9 17
3 12
11 12
18 9
8 12
1 15
18 15
4 5
4 5
15 1
8 4
3 14
11 12
2 15
15 9
5 10
3 2
8 6
9 14
13 8
10 1
14 17
14 3
16 9
3 11
3 11
10 4
17 7
18 2
2 5
4 12
6 12
6 17
10 13
1 8
2 10
17 8
5 11
12 13
11 9
7 14
7 15
3 6
9 3
7 5
1 13
10 7
11 4
8 3
13 8
14 14
1 6
18 13
11 9
18 10
10 1
18 4
17 14
6 13
1 9
15 16
8 18
1 11
3 6
7 1
13 3
6 14
12 13
4 5
5 16
13 7
7 12
3 14
8 16
3 6
6 9
7 2
11 13
10 3
18 15
1 16
8 6
7 17
18 7
4 14
15 17
16 18
7 5
18 5
5 8
5 6
6 12
4 2
17 14
11 18
1 14
12 14
8 2
17 12
13 2
3 1
5 18
18 4
9 16
17 5
11 8
12 3
2 4
3 7
6 10
9 1
10 11
15 7
8 14
13 10
16 10
6 15
15 6
17 7
15 17
16 7
7 5
13 6
8 7
12 4
1 18
11 13
11 4
7 11
2 11
17 2
10 7
2 14
5 16
16 9
13 1
3 11
15 3
12 14
2 17
7 7
17 7
7 7
6 7
13 10
16 2
4 12
2 6
17 14
17 13
14 2
2 5
6 15
18 10
2 8
14 4
15 16
4 15
12 6
10 7
11 18
6 15
16 7
15 11
15 11
12 17
9 7
7 6
6 17
13 15
18 18
1 17
9 12
10 9
9 13
8 2
11 10
16 17
7 1
4 1
16 12
3 17
1 2
5 16
1 11
14 4
7 18
14 18
18 4
13 13
18 4
18 1
8 13
4 9
17 4
5 12
7 2
10 12
4 7
6 16
14 1
3 1
3 18
9 14
12 5
1 14
5 4
17 15
4 14
10 15
12 10
7 1
8 1
6 5
4 2
1 1
10 8
15 4
8 3
8 17
4 13
13 4
7 18
15 14
16 18
14 12
10 14
18 18
18 7
3 3
16 3
15 10
14 14
8 14
7 2
5 17
16 14
10 9
6 10
7 17
3 4
18 14
3 2
17 17
15 4
11 17
12 11
17 9
2 3
14 2
6 17
12 17
6 10
15 10
7 5
3 7
10 9
7 3
6 1
15 5
18 5
4 18
9 1
10 11
2 18
16 18
3 6
13 13
11 9
13 1
1 3
6 5
12 6
18 4
17 1
13 7
8 1
15 17
6 6
12 5
15 14
12 1
17 8
13 7
9 12
9 7
14 2
14 17
14 12
3 9
5 16
15 2
14 8
5 12
7 15
5 18
7 14
18 9
11 5
5 10
15 11
7 8
18 9
11 8
12 10
2 6
9 18
5 14
11 8
1 9
17 4
14 18
4 9
15 2
2 1
10 13
7 2
7 5
13 2
10 2
9 14
9 5
5 2
12 12
12 9
8 7
13 5
18 11
13 13
6 7
17 7
15 16
16 8
12 1
4 2
16 11
8 18
8 16
17 5
11 15
11 7
15 17
13 8
15 16
5 4
14 2
8 11
5 7
2 16
14 9
14 9
12 17
18 1
2 1
7 15
17 4
14 5
6 14
16 17
12 8
10 15
6 16
14 18
1 16
10 6
11 4
14 11
16 2
16 3
14 17
15 17
7 8
7 2
11 4
2 16
15 4
10 5
5 5
2 6
11 18
17 7
1 12
8 4
4 9
1 1
16 17
7 7
12 17
17 18
15 5
18 12
8 7
14 16
4 16
13 12
18 14
12 4
9 17
2 5
16 3
1 12
18 6
1 1
6 1
12 4
4 11
4 17
16 2
13 17
16 15
17 6
2 9
7 8
18 6
7 8
11 10
11 10
18 4
18 12
11 10
11 4
7 2
18 7
16 1
9 11
18 10
10 3
5 16
4 7
5 11
5 13
3 8
6 9
13 6
15 11
13 8
13 16
5 7
2 18
3 17
14 5
6 12
4 8
14 8
17 7
5 14
6 4
15 3
15 16
9 18
10 3
17 16
17 4
6 15
11 10
15 4
18 13
4 4
14 16
9 1
6 15
16 7
13 7
7 16
3 4
7 9
7 18
14 8
5 18
10 8
4 7
13 6
14 12
18 1
13 10
8 15
3 9
15 9
14 2
18 7
2 17
8 16
1 7
5 11
6 18
7 13
18 4
7 12
11 18
2 13
18 10
16 6
16 7
15 6
5 9
16 2
3 4
18 5
3 14
16 9
10 5
6 16
16 10
13 9
15 10
3 4
6 15
17 14
7 12
4 17
17 16
12 1
10 9
12 11
18 8
5 17
12 12
2 18
16 1
9 10
12 13
4 5
6 15
10 13
14 15
7 9
17 8
5 7
13 12
3 8
8 5
7 8
1 10
17 16
8 6
13 3
16 16
10 18
5 12
14 18
15 2
1 4
15 2
4 2
8 4
16 15
6 17
2 1
1 3
3 16
11 15
6 9
6 10
10 3
12 4
12 13
8 3
3 2
16 13
14 17
4 15
16 17
10 7
11 17
10 13
18 2
3 1
6 2
16 4
13 11
14 18
9 13
7 3
10 12
2 1
9 10
13 17
5 10
5 10
12 3
14 18
14 13
9 3
15 14
10 16
3 3
9 7
7 1
3 12
8 15
6 1
8 16
13 1
12 12
9 17
9 6
14 2
18 11
18 10
10 11
6 14
6 4
4 6
18 2
9 8
12 8
15 16
15 18
2 13
15 17
8 6
5 13
4 14
4 5
7 17
14 5
