33 804
13 30
11 25
31 5
24 10
32 28
18 22
24 16
24 4
18 7
11 18
11 33
4 10
19 18
25 4
31 6
13 4
5 12
19 23
31 2
25 25
33 3
22 6
12 24
4 2
6 6
13 21
25 25
6 29
19 12
7 16
32 33
4 13
11 24
5 24
23 2
23 24
29 30
17 25
13 3
11 24
5 13
27 14
31 31
22 16
8 32
29 24
29 13
32 22
3 33
10 7
29 23
29 28
21 10
7 29
21 25
26 26
10 18
11 3
19 18
15 26
12 19
28 3
32 32
30 22
7 1
3 27
11 25
29 26
31 5
22 10
5 13
30 28
6 27
7 25
11 7
7 4
5 29
27 2
2 32
23 2
24 14
32 17
33 21
29 20
31 1
19 31
12 9
24 7
20 14
13 4
14 3
10 14
26 12
26 31
18 2
29 27
32 31
25 1
32 3
8 22
22 10
21 30
17 27
26 33
1 16
2 17
10 7
1 25
17 4
28 20
6 20
18 33
25 32
25 9
32 4
10 14
15 16
3 3
10 9
8 12
14 11
17 1
17 3
33 26
16 26
6 20
17 26
26 19
27 8
6 13
27 4
16 33
25 28
9 24
23 26
10 8
14 21
1 1
4 14
31 29
14 20
21 10
13 16
32 26
15 31
26 24
12 15
14 7
5 3
25 10
13 20
22 31
20 11
9 30
2 10
16 31
2 5
33 19
26 31
25 13
21 29
25 7
20 29
25 32
18 23
14 24
31 19
21 12
33 11
26 3
31 9
13 4
6 26
5 17
26 32
25 17
33 4
29 31
31 25
28 18
26 32
2 25
17 27
3 12
1 26
24 4
32 5
1 3
21 24
31 16
32 11
7 16
15 23
33 4
32 32
25 17
13 29
31 23
29 27
28 3
17 10
31 8
6 21
3 12
24 10
19 13
27 10
32 5
28 19
19 1
3 18
21 25
15 23
29 6
18 19
13 3
1 28
10 5
33 14
13 30
1 11
9 7
21 17
27 5
27 2
20 13
29 8
12 17
3 6
15 17
4 8
21 5
13 14
1 27
30 18
6 33
2 28
3 29
18 4
29 26
5 7
30 3
7 15
5 6
26 29
15 31
2 19
4 23
21 9
25 31
12 28
17 14
16 2
31 3
27 8
14 27
4 20
11 29
1 14
27 28
10 25
17 11
18 10
11 14
1 13
10 5
8 28
31 29
19 19
32 30
10 11
27 24
8 15
17 19
3 23
31 11
18 31
7 6
19 33
12 33
9 33
2 32
1 25
17 16
24 28
7 1
12 10
28 6
5 25
27 12
7 27
17 19
31 29
7 20
20 27
25 7
9 17
21 22
27 28
28 24
18 31
12 22
28 16
4 23
31 31
12 13
15 2
22 32
28 21
24 32
32 6
22 9
28 25
11 17
5 29
21 21
22 10
27 20
12 3
29 16
14 16
19 20
27 30
27 7
17 16
9 11
32 24
6 10
27 8
17 6
7 1
12 3
16 7
6 18
29 24
33 29
33 4
23 31
4 8
31 8
26 25
20 18
31 16
33 10
12 28
22 20
14 27
3 17
19 3
23 15
17 11
6 18
17 30
28 18
4 3
4 22
22 30
31 8
24 18
7 4
20 27
31 29
6 18
29 21
21 9
4 17
17 8
17 9
18 31
33 16
23 21
12 33
21 28
13 12
11 22
18 25
10 24
2 14
22 26
33 26
21 29
30 3
21 20
5 31
22 33
19 15
25 9
23 21
16 18
25 27
29 9
21 31
5 33
8 20
8 4
24 6
7 5
15 3
19 32
12 22
13 18
29 2
26 2
12 25
11 26
16 11
23 23
24 1
30 20
15 9
31 10
8 17
10 26
23 12
31 5
26 8
32 5
7 1
5 16
18 21
30 14
24 21
25 26
15 33
3 25
2 31
2 16
29 31
33 24
33 20
2 12
31 29
20 28
30 29
13 9
1 33
33 16
33 30
15 15
2 24
24 7
15 28
9 26
15 4
24 4
7 13
17 16
27 3
30 33
24 23
29 22
13 2
7 32
29 12
13 25
22 22
16 24
7 15
25 4
1 22
20 14
33 13
17 28
3 31
23 8
20 10
17 24
6 8
3 16
27 9
19 6
33 19
32 15
10 8
26 7
28 24
4 1
16 30
24 31
9 13
24 29
15 19
1 6
18 20
10 19
17 33
30 2
7 21
9 3
21 23
13 31
14 27
31 27
2 25
14 21
5 4
6 8
12 1
9 7
2 8
4 24
9 18
26 13
32 23
30 31
28 12
11 28
5 3
6 6
14 8
21 17
22 13
28 20
33 25
25 20
26 4
7 9
28 1
33 22
30 32
23 6
11 17
11 31
26 20
21 9
33 14
24 13
25 8
33 3
8 13
20 13
16 3
25 2
9 27
1 11
6 24
9 24
14 26
22 25
18 33
18 13
18 21
10 11
25 32
9 3
4 17
18 10
10 1
16 17
3 17
9 3
12 14
19 33
3 5
24 24
6 12
13 22
28 12
4 23
27 25
27 19
32 9
14 24
18 16
14 1
32 15
30 26
19 32
23 2
20 5
4 21
17 9
4 7
33 7
13 16
19 23
30 1
26 9
22 1
21 11
17 18
8 10
23 7
27 14
31 2
21 13
27 15
1 14
14 1
21 7
14 31
11 30
16 15
28 17
7 28
20 26
22 14
31 4
3 18
23 20
4 28
13 7
25 12
28 32
17 24
16 12
12 17
4 1
6 18
27 31
19 25
15 24
2 14
2 8
30 25
4 12
6 29
12 23
14 4
29 19
29 3
12 11
6 29
13 30
15 11
21 28
9 10
7 5
18 3
30 1
22 10
21 25
2 14
29 32
31 20
12 17
16 4
3 23
1 8
18 16
6 27
2 31
12 5
22 31
19 11
31 7
25 6
19 23
22 27
10 15
8 18
13 33
7 4
32 32
26 6
2 1
6 5
12 8
11 12
32 28
2 11
21 2
17 4
30 24
9 8
9 29
22 22
1 29
11 11
8 10
29 9
26 22
10 24
4 17
4 11
3 25
22 17
28 11
22 3
30 3
2 17
3 33
15 28
9 16
19 16
3 10
6 11
9 29
17 30
14 29
22 16
17 6
15 29
33 29
30 4
13 4
32 13
24 32
1 30
23 25
7 26
18 30
17 24
22 20
15 20
10 23
11 18
17 4
15 23
5 6
32 3
3 21
24 25
24 28
30 5
2 21
11 8
2 28
1 1
22 13
3 13
12 17
26 33
9 29
27 9
23 7
23 7
7 33
7 15
13 4
17 19
6 22
22 31
28 33
3 29
24 28
21 25
21 20
9 24
20 16
33 32
23 27
14 11
12 30
3 33
19 29
22 6
6 32
10 30
29 13
8 2
21 7
26 22
26 14
24 29
19 2
10 22
10 29
27 24
21 33
16 31
6 33
20 13
31 6
32 32
31 33
21 28
5 17
7 9
18 18
17 7
24 25
22 8
16 4
18 5
33 7
5 1
11 16
10 2
24 2
10 2
31 7
13 24
4 20
4 30
10 24
11 10
11 18
21 15
2 31
22 33
32 21
29 3
21 12
31 8
6 33
19 18
20 11
19 6
22 20
13 17
33 7
7 13
31 20
