62 999
47 45
59 51
22 41
53 44
46 37
29 49
28 52
31 2
8 20
3 48
37 46
37 57
23 25
56 16
11 53
31 57
53 1
35 6
32 15
44 33
3 16
54 46
43 9
27 19
29 50
60 36
22 6
38 55
16 45
34 25
51 35
13 1
50 24
61 10
42 28
27 35
46 3
9 6
41 31
48 32
36 30
13 50
54 56
11 55
20 39
28 25
10 32
58 56
11 16
8 30
31 19
49 54
9 2
57 62
46 10
32 41
61 32
8 34
50 1
59 31
55 61
13 45
27 10
17 54
58 2
55 9
2 55
54 27
11 36
8 57
3 55
14 15
42 28
46 4
6 33
41 58
8 44
6 31
49 10
47 26
54 37
40 38
52 33
55 21
8 38
2 16
60 11
7 20
11 10
54 62
45 47
34 46
33 37
41 52
13 7
41 43
21 55
20 40
16 36
18 9
48 3
25 8
44 33
30 39
56 9
48 5
40 26
5 55
26 26
34 10
56 38
58 24
11 55
31 40
11 1
5 34
33 36
4 28
21 11
20 6
45 7
58 58
4 6
59 62
60 15
41 58
52 28
35 50
62 44
49 2
49 42
24 13
5 37
35 14
58 52
12 30
49 45
5 16
59 55
10 55
18 4
29 34
35 10
1 13
37 4
37 4
48 27
15 1
6 25
12 2
1 1
24 26
45 40
29 9
50 25
36 19
56 41
39 33
14 45
1 23
40 55
60 50
39 56
48 24
20 46
14 57
13 15
21 35
50 51
30 41
35 57
38 1
19 42
54 59
59 39
35 28
46 18
48 22
21 8
25 59
48 31
21 27
16 45
11 5
44 1
23 49
57 52
8 61
59 59
3 7
21 7
11 3
35 41
10 21
13 49
31 27
20 40
26 54
7 20
44 21
15 40
19 32
53 22
42 60
21 9
35 30
19 37
30 34
22 8
11 41
1 23
9 50
31 30
32 54
25 35
32 55
31 44
43 9
17 27
59 17
29 37
55 53
9 35
52 42
38 12
45 29
22 52
18 44
28 9
1 16
8 4
20 38
9 11
45 60
7 60
28 46
30 24
31 47
51 30
31 24
7 41
42 26
17 25
1 1
15 18
16 60
39 12
41 16
5 30
7 9
31 17
30 4
34 45
60 12
33 3
48 55
4 49
25 10
9 38
7 51
27 2
7 30
42 57
47 6
13 19
13 46
20 45
19 16
1 31
16 30
32 47
36 62
37 43
18 3
48 41
59 35
49 17
4 21
62 56
41 57
36 39
16 9
58 45
38 30
52 12
26 34
10 38
11 48
30 2
50 10
50 59
32 22
22 6
25 54
57 60
38 13
44 62
58 44
9 54
17 2
13 58
23 12
14 6
14 15
8 55
35 34
20 58
44 44
45 30
46 22
19 40
46 37
9 4
10 34
32 28
10 38
31 51
4 58
28 34
2 36
46 58
49 43
43 8
61 26
34 21
44 14
46 7
56 38
22 26
9 41
49 5
31 52
21 37
50 52
24 32
1 24
50 55
62 16
45 30
10 41
19 43
56 44
61 19
51 38
50 34
41 24
42 42
13 3
7 28
52 43
25 38
35 19
50 7
54 4
4 58
29 25
26 10
14 34
38 16
30 59
17 9
37 55
55 41
40 19
33 6
17 30
3 31
58 52
14 34
28 24
48 14
53 8
24 41
16 7
1 50
48 33
28 45
49 6
18 21
34 42
35 11
9 2
35 9
38 27
44 57
35 22
10 59
40 36
29 26
3 42
31 24
24 27
50 17
60 51
31 42
15 43
39 50
48 58
46 16
48 48
36 3
32 48
2 55
18 5
20 12
6 60
51 15
58 55
42 26
11 5
33 11
4 14
59 30
21 47
57 11
4 29
29 38
58 3
59 37
29 48
7 44
34 60
49 47
20 33
34 37
14 48
56 8
8 26
14 6
52 27
23 47
36 48
25 62
62 30
56 9
25 24
51 25
42 61
15 7
28 50
45 43
32 27
50 60
11 1
33 23
5 59
48 43
13 46
57 32
53 44
9 20
29 1
40 26
44 57
12 6
2 42
8 47
6 32
37 5
54 50
28 25
6 17
8 60
3 32
36 45
15 30
22 50
59 25
58 48
40 53
19 23
47 39
25 4
56 34
39 39
12 31
33 35
46 34
43 43
14 59
43 11
30 39
1 51
12 12
7 57
40 53
37 43
43 52
14 24
23 60
9 51
11 42
57 31
34 30
26 61
56 25
15 17
35 20
62 58
54 44
59 22
25 59
18 41
56 38
58 37
14 49
37 22
49 4
12 38
52 3
24 24
32 52
7 30
41 31
26 6
39 45
12 45
58 33
5 35
21 11
23 20
28 53
6 4
15 4
39 35
4 28
46 12
20 13
37 43
44 44
52 2
49 45
14 58
34 54
32 30
61 35
58 8
41 8
13 55
21 34
33 7
27 13
39 22
9 57
3 56
22 1
36 43
36 13
11 42
3 54
44 43
15 51
58 42
38 21
57 2
14 52
57 21
46 40
38 24
23 49
57 7
10 17
20 11
20 24
10 10
17 13
17 17
36 31
15 23
62 53
53 31
21 62
23 50
31 36
9 43
14 3
55 34
61 38
3 48
7 4
51 3
46 35
32 3
24 22
62 3
32 46
53 42
37 22
17 21
19 12
28 62
20 44
26 59
40 10
8 14
35 48
6 45
47 12
50 39
9 19
55 6
7 11
40 21
54 16
10 46
25 17
34 11
23 8
26 23
54 3
41 22
57 12
16 45
31 44
22 53
49 39
18 42
35 5
54 50
39 7
22 61
36 36
34 12
12 53
11 62
28 42
9 55
26 49
12 31
37 15
6 26
23 25
61 18
17 57
23 25
58 41
57 30
15 36
14 26
2 45
43 22
40 8
20 27
47 42
57 22
54 34
54 44
59 18
62 36
19 54
36 13
42 28
48 46
50 19
52 4
2 10
1 43
56 61
21 58
4 51
24 44
13 46
54 61
42 24
39 19
42 9
24 53
57 42
8 11
16 38
14 62
60 48
1 39
42 17
3 7
52 23
27 33
58 1
21 45
15 32
50 44
55 40
5 55
43 10
7 17
6 33
61 45
23 13
24 7
46 46
43 23
21 23
13 5
13 42
28 17
32 42
47 1
46 51
34 4
57 37
43 51
20 61
13 41
39 13
48 37
27 18
47 51
13 36
33 56
45 30
37 43
22 42
46 10
24 45
56 10
37 9
48 39
54 45
8 36
41 58
22 20
32 47
5 35
10 45
50 62
51 13
43 59
54 12
12 58
36 30
4 52
16 7
44 20
13 29
20 27
34 38
25 10
57 56
15 24
13 47
59 22
35 24
61 15
41 56
3 13
17 50
57 52
41 5
54 25
11 21
56 22
39 16
27 23
1 40
13 25
56 38
46 40
21 27
54 41
38 1
22 30
23 56
27 30
49 4
35 42
7 37
8 52
46 54
16 52
3 32
6 16
55 5
21 12
32 55
11 2
39 54
7 39
51 38
15 21
60 7
12 51
11 29
15 20
45 44
33 31
42 29
29 26
50 56
61 13
30 61
35 5
57 1
22 62
51 45
22 7
24 2
41 12
1 26
29 59
10 54
30 59
5 49
33 42
19 12
10 15
49 29
12 51
15 20
27 42
28 38
9 57
46 28
3 61
33 30
24 30
29 9
52 22
59 26
56 2
26 9
46 60
48 41
40 9
42 33
47 1
28 6
39 41
16 2
28 33
5 3
27 41
4 6
3 43
3 23
23 46
5 51
39 3
8 44
11 45
25 53
27 25
14 37
58 47
51 3
14 60
48 43
46 39
59 24
46 4
47 31
6 39
61 23
27 31
2 11
5 9
55 1
35 21
11 25
5 5
29 8
17 62
6 25
13 48
26 21
29 26
6 30
56 41
41 25
36 1
15 51
25 17
19 28
27 43
12 25
56 10
3 16
52 2
47 62
48 38
9 51
43 27
52 5
1 47
51 39
34 51
43 44
55 58
5 45
9 16
33 53
25 35
14 8
18 35
51 51
62 10
20 18
56 43
59 38
51 53
54 48
24 34
11 26
10 42
56 16
31 31
49 33
11 43
40 33
20 44
1 38
57 25
22 9
12 6
15 42
2 16
48 44
35 34
19 41
6 3
45 18
2 41
14 9
11 38
24 15
23 6
27 46
61 60
26 17
57 31
18 11
5 8
10 52
55 16
48 3
38 55
17 7
25 60
18 52
42 20
41 62
14 61
16 37
32 18
39 59
41 40
40 33
45 26
37 49
54 2
51 12
33 57
38 30
59 13
28 10
39 13
48 45
62 34
59 19
9 44
16 53
28 22
11 10
56 51
10 14
15 3
62 59
48 48
2 21
33 34
12 7
1 40
22 9
14 31
40 37
43 4
11 26
17 53
51 17
54 10
20 4
42 35
7 1
51 59
16 48
39 31
21 36
42 2
43 31
15 62
38 4
13 26
46 30
44 32
26 48
35 60
61 54
55 22
28 42
23 20
