73 256
52 18
43 62
25 68
43 39
69 48
22 38
20 8
52 72
72 55
73 43
18 15
56 33
63 34
22 68
20 52
27 4
56 14
24 41
56 41
15 63
42 69
20 49
42 67
40 14
7 10
4 8
26 33
49 57
31 15
49 54
54 57
23 72
16 52
47 58
25 29
21 29
68 56
51 8
51 46
68 68
26 62
23 66
47 11
61 13
70 22
17 42
56 9
14 21
69 16
47 29
56 16
47 11
57 25
61 31
14 59
37 18
5 25
48 58
39 14
46 46
38 33
44 19
57 55
31 71
47 30
70 49
7 19
58 20
37 20
1 49
65 55
65 10
37 18
15 73
54 52
71 37
2 73
58 73
47 42
66 9
32 64
43 11
67 44
71 23
71 63
47 1
34 56
71 55
8 36
60 51
10 17
69 30
61 67
71 49
58 31
65 54
54 59
69 59
70 70
21 53
52 59
45 51
16 50
29 47
71 58
55 50
68 62
42 26
39 2
30 28
50 6
8 43
20 4
6 25
52 40
14 49
25 70
65 12
13 45
23 28
41 19
40 35
71 69
67 9
66 36
53 23
35 52
10 36
33 32
22 60
39 22
14 72
14 34
28 39
27 67
32 28
48 22
15 32
27 66
29 68
21 39
29 50
70 35
8 53
72 21
68 41
58 24
55 38
15 6
2 18
29 38
18 72
43 60
45 26
32 16
25 27
4 28
31 9
54 28
39 57
52 14
27 16
37 43
42 42
8 61
12 2
18 26
42 57
51 45
20 7
56 58
66 34
27 39
28 17
52 36
34 20
47 3
26 13
66 61
71 56
60 59
11 1
26 10
21 17
4 2
5 50
40 38
73 9
21 13
44 23
49 17
63 13
28 26
41 9
44 60
44 70
5 19
14 15
65 31
27 33
31 62
44 35
23 8
56 57
71 1
51 36
24 3
20 22
48 57
25 70
53 51
31 46
23 73
34 12
27 56
9 24
34 37
38 50
52 10
3 19
18 6
19 72
31 18
48 67
13 62
56 64
34 58
63 20
70 69
33 65
30 23
54 61
15 35
14 5
48 26
15 72
27 10
61 46
16 16
45 62
55 8
73 54
61 33
24 21
46 73
44 5
58 36
3 46
58 65
46 72
52 21
25 21
4 1
14 56
9 54
50 40
