57 322
42 40
35 18
47 52
54 7
7 23
47 5
26 49
23 30
40 36
41 1
24 8
44 22
44 12
40 34
2 37
50 2
5 4
36 40
57 29
20 40
7 22
48 22
19 16
28 51
28 25
35 17
57 57
15 44
25 33
44 31
17 34
40 20
30 23
14 19
15 9
18 10
55 10
2 47
25 33
14 41
57 52
37 45
56 53
17 40
25 48
52 17
45 40
3 56
16 50
8 14
15 19
39 46
48 43
31 34
40 52
18 31
2 35
37 43
40 4
42 14
39 8
8 6
48 14
12 32
48 54
15 3
34 55
23 49
40 24
40 46
14 48
43 37
24 17
41 40
14 13
46 38
8 46
44 10
25 57
18 5
41 8
3 17
44 41
21 51
15 24
37 33
37 17
15 15
24 32
5 37
4 46
33 27
37 42
41 41
6 52
14 47
30 12
4 11
21 27
31 23
27 48
8 39
25 57
37 52
19 24
13 15
44 51
48 35
49 46
46 55
5 6
37 14
16 29
31 32
29 10
27 37
2 50
31 11
51 55
28 7
27 24
13 31
10 42
1 52
28 48
32 36
39 2
19 22
52 33
32 2
33 44
48 41
15 11
14 32
57 25
13 17
21 48
24 35
39 18
32 49
46 29
5 26
52 53
48 19
5 57
11 26
8 28
25 55
14 34
7 49
45 51
12 52
5 7
15 43
48 16
19 29
16 43
15 11
23 33
15 1
14 32
1 36
9 26
15 28
11 57
22 14
44 22
18 50
56 42
23 43
9 5
33 44
40 16
10 36
28 14
23 18
49 34
51 13
26 18
53 7
55 34
39 45
42 9
33 17
34 57
8 25
9 24
42 49
17 18
46 3
40 48
1 12
4 32
54 56
21 21
22 22
2 13
19 21
45 26
9 14
45 28
56 33
43 42
53 1
15 44
56 47
15 25
29 26
19 55
45 8
43 46
41 53
30 8
53 2
32 33
35 3
12 25
31 47
45 18
18 25
28 26
28 17
5 55
38 16
37 25
4 9
8 13
22 9
34 49
8 27
43 17
16 35
54 26
37 8
49 15
55 35
32 38
37 51
50 8
49 26
39 7
8 34
13 22
33 53
1 23
44 43
52 22
6 8
24 33
43 17
23 1
49 39
53 55
48 32
29 41
16 32
23 12
10 24
31 16
53 49
5 37
3 17
23 23
27 56
35 26
27 43
3 52
12 12
26 15
32 20
37 51
34 31
50 55
15 18
24 18
17 28
37 6
15 14
40 49
30 51
23 52
32 37
8 6
52 9
7 5
29 17
42 4
46 30
15 39
2 27
11 53
3 57
32 41
25 48
52 31
35 19
18 34
55 10
34 42
21 7
57 9
7 31
55 43
15 43
9 7
22 28
35 18
25 56
10 10
30 13
30 2
54 11
23 2
11 7
54 18
29 43
28 11
10 44
47 49
4 57
6 6
21 32
