8500 500
762
82
470
69
504
530
163
121
221
921
303
340
899
931
864
548
913
107
448
869
523
363
696
248
535
70
458
555
448
37
34
692
546
449
302
450
666
155
831
487
290
64
522
817
424
595
114
896
224
996
108
356
700
392
596
72
335
728
852
537
95
745
867
88
850
74
629
707
430
533
470
636
775
595
350
861
415
365
213
182
628
529
271
758
624
2
191
288
966
821
21
349
841
563
371
736
971
720
933
351
570
341
18
61
382
530
231
143
125
168
932
163
540
547
210
58
251
245
211
615
178
891
774
608
683
52
251
466
836
958
645
96
375
451
753
329
487
458
55
600
412
393
815
775
25
567
1000
319
754
699
578
151
754
552
989
826
57
209
468
172
923
314
736
869
759
254
834
847
655
733
445
980
513
785
643
574
304
312
183
280
856
692
940
513
414
629
304
591
646
819
5
668
972
298
84
121
446
929
461
491
547
677
484
789
522
396
129
150
273
358
483
488
505
731
73
69
359
546
492
412
146
135
126
780
950
807
163
905
755
147
137
576
722
283
355
157
72
107
356
7
551
424
79
464
371
618
641
775
955
470
2
721
500
368
616
152
790
413
518
254
443
718
551
668
838
921
418
106
731
214
456
428
541
781
916
409
688
753
820
96
74
709
185
543
75
493
514
278
405
24
552
336
155
689
578
757
744
552
201
731
597
583
17
800
8
292
581
937
911
137
290
539
561
859
692
312
301
876
836
257
466
431
101
897
935
366
878
266
965
943
828
796
609
870
744
922
688
582
219
350
722
558
89
275
366
216
542
362
273
214
779
772
448
225
322
488
332
793
627
412
87
384
364
233
55
306
840
775
400
840
6
942
859
473
821
363
803
929
377
568
803
290
923
785
452
599
376
978
584
165
843
416
531
417
595
54
794
551
640
278
195
739
669
849
274
83
744
67
467
415
384
651
430
51
912
464
290
530
411
852
382
683
840
59
225
57
721
173
685
113
979
501
9
1
561
919
133
93
203
776
283
528
397
646
887
492
130
827
342
834
350
795
722
352
286
83
669
28
487
641
719
833
791
865
349
78
780
131
140
672
943
19
213
974
671
22
532
868
863
606
687
605
973
57
330
218
379
948
893
495
236
788
361
940
460
809
486
464
847
40
