1 2
3 4
1 6
3 8
1 10
3 12
1 14
3 16
1 18
3 20
1 22
3 24
1 26
3 28
5 30
7 28
5 26
7 24
5 22
7 20
5 18
7 16
5 14
7 12
5 10
7 8
5 6
7 4
9 2
11 4
9 6
11 8
9 10
11 12
9 14
11 16
9 18
11 20
9 22
11 24
9 26
11 28
13 30
15 28
13 26
15 24
13 22
15 20
13 18
15 16
13 14
15 12
13 10
15 8
13 6
15 4
17 2
19 4
17 6
19 8
17 10
19 12
17 14
19 16
17 18
19 20
17 22
19 24
17 26
19 28
21 30
23 28
21 26
23 24
21 22
23 20
21 18
23 16
21 14
23 12
21 10
23 8
21 6
23 4
25 2
27 4
25 6
27 8
25 10
27 12
25 14
27 16
25 18
27 20
25 22
27 24
25 26
27 28
29 30
